00004_00_30s 37809958 11562276 0.954317
00005_01_10s 34500216 10462775 0.955803
00006_02_5s 30607350 8743453 0.961806
00007_09_30s 25852985 6079705 0.975906
00008_08_10s 16890188 3609765 0.98057
00009_07_5s 12258232 2515660 0.98379
00010_00_30s 15212547 3184109 0.986529
00011_01_10s 8277939 1598356 0.993808
00012_02_5s 6177784 1365907 0.995289
00013_00_0.50000s 25274086 4847500 0.979491
00014_00_30s 25598382 4880798 0.98285
00015_01_10s 26131688 5007717 0.981021
00016_02_5s 25239806 4810591 0.981005
00017_02_0.50000s 21117746 3690402 0.985169
00018_00_30s 35777351 10969927 0.962767
00019_01_10s 34974222 10395993 0.963968
00020_02_5s 32974843 9476739 0.965908
00021_00_30s 37565396 11311995 0.963065
00022_01_10s 30493016 8362383 0.96878
00023_02_5s 24644447 6409727 0.975159
00024_00_5s 27005014 5490077 0.979705
00025_00_30s 28129501 6653877 0.980917
00026_01_10s 27584141 6292377 0.979936
00027_02_5s 25971621 5643317 0.980651
00028_00_10s 23556774 4368016 0.984675
00029_01_5s 24994606 4714483 0.98257
00030_01_30s 34824981 9540226 0.965784
00031_02_10s 27383982 6659754 0.971666
00032_03_5s 21097672 4720638 0.978189
00033_00_10s 24721193 4605882 0.981647
00037_01_30s 25742318 5989680 0.980714
00038_00_10s 26246234 5941640 0.980322
00039_00_30s 35763373 10355644 0.957483
00040_00_5s 14617605 4124347 0.985434
00041_01_30s 28200814 8343882 0.973166
00042_02_10s 18367531 5180523 0.982241
00044_00_30s 25805951 5397219 0.978853
00045_01_10s 18622012 3162030 0.984768
00046_00_30s 22054106 4434012 0.978714
00047_01_10s 12115536 1844248 0.977763
00048_00_30s 27176693 6251914 0.976545
00049_01_10s 19460563 3745610 0.98177
00050_02_5s 14789972 2743659 0.980177
00051_00_30s 26313506 5758103 0.976361
00052_01_10s 17227998 2888358 0.98247
00053_02_5s 12036019 2136770 0.973969
00054_00_30s 23019314 4444939 0.980687
00055_01_10s 17281098 3093314 0.979831
00056_00_30s 20219443 3867405 0.981749
00057_01_10s 10704177 1693105 0.990883
00058_00_30s 29895162 7112852 0.974519
00059_01_10s 26698857 5826470 0.977881
00060_02_5s 23187376 4775971 0.981227
10001_01_30s 24278466 4303684 0.983819
10002_02_10s 25527221 4710184 0.981122
10003_03_5s 25414098 4781115 0.980329
10034_00_30s 40312079 12437935 0.960221
10035_01_10s 35890849 10292867 0.96395
10036_02_5s 31524704 8447738 0.967924
10061_00_30s 25426965 6092235 0.979485
10062_01_10s 29529988 6720700 0.976186
10063_02_5s 27952364 6078732 0.977971
10064_00_30s 15790704 4292258 0.987587
10065_01_10s 28697181 6823222 0.977572
10066_02_5s 30608730 7226489 0.974755
