0.00027265610398921099
5.0705041112729828e-05
0.00029679519522131934
7.2973017575014693e-05
0.00014121676822007823
0.00027926700088802504
0.00012621005833832598
0.00042179122349729313
0.00010846277079685209
0.00038805445768642845
0.00019220927414182322
0.00046044381603984474
0.00060166281945302279
0.00065417642267231058
0.00061326430874810171
0.00011897208553353143
0.00021325417080626487
3.2724231044770264e-05
0.0002862103922153964
0.00038881860955981379
0.00043662885260931192
0.00033002873930129711
0.00059588100859928614
0.00075095222206019428
0.00016981456198576368
0.00083439505782461883
0.00075279916921213135
0.0010754353862174619
0.00076047328357513875
0.0012776665511838412
7.3986061177326137e-05
0.0005332606883679743
0.00092663190893924291
0.0019486819633479499
0.001132437624554593
0.00077535585584590351
0.00094888762359522563
0.0011020088638771111
0.0004081548687607789
0.0014653695837039289
0.00080225712829442881
0.001574680222572138
0.00089067994243484914
8.1791853299135848e-05
0.00029382630632721844
0.0012710342798580888
0.00076388121044251118
0.0011518297131652908
0.00049675829192267834
0.00089422014975804173
0.0014851369779898388
0.001497238056198971
0.0019050868792107986
0.0012870256694937584
0.0022415514607254223
5.0940834378187673e-05
0.00059882613143268104
0.00032268572874403643
0.00024597980043520847
0.0022883240584005114
0.0015066938624225424
0.0022918381895685761
0.0014160700056022469
0.0031246511455713206
0.00034472445563046161
0.00025969541333394742
0.00032448524720194718
0.0015875799960080206
0.0021229079215214389
0.0020552045943802171
0.00175686987837732
0.00098805205782128802
0.00023307980182596486
0.00097308926957640515
0.00039980662139219914
0.00043131675449535807
0.0020366022425609069
0.0025447829969150919
0.0021419220782390434
0.0014845622653734813
0.00066390650558021205
0.00020609363420053106
0.0008503755829763007
0.0013337375072811301
0.0011237408674782481
0.0011515554637021002
0.0018858077447755227
0.0031897519342907531
0.0014145228060007764
0.0014661181506729346
0.0015710436935138701
0.0015508209194777824
0.0015398614432473425
0.00088986419372878397
0.0015635009062262679
0.0027350298091078171
0.0025526041362605315
0.0011206241141049941
0.0016323121172324674
0.00032320075239171262
0.0017058017118861035
0.0010672282261073745
0.0021862487546174319
0.0025363708689293686
0.0029614749886382767
0.0035370588685018178
0.00023229903157385691
0.0016547205233325439
0.002292905075102907
0.0021640038970448089
0.0033441715255427473
0.0018488131931437392
0.00099475104913775646
0.00044690506151981668
0.00065868682136694019
0.001871814311586114
0.0018593836814290159
0.0021121818614208802
0.0021032199103575193
0.00096121606206629826
0.0026502957962346234
0.0032210121304691469
0.0029712662970573997
0.0032028399243755864
0.00053394242263369392
0.0038249048996133795
0.0011067921879751776
0.0029053940282824323
0.0019610498753643369
0.00034359984526434971
0.0014484183572094449
0.0026954617856467483
0.0021846172608332949
0.0022614609112408361
0.0027728411814847069
0.00016838617133486556
0.00019708171026433047
0.00047258578152512145
0.00025333910782759667
0.00035804544584683008
0.00064553902542085757
0.00047617612530510145
0.00067618911090458879
0.0021714054503538666
0.0020903200936402363
0.0029338378384966579
0.00064721825882700537
0.0024184171232011949
0.0024579539283024624
0.00049782050079707715
0.001584397527639611
0.0011830817420857061
0.0003282423225470884
0.00076863764109923714
0.00080535505440487503
0.0017042160435902748
0.0038065563728051457
0.0040299047053561753
0.00026622603696273127
0.0016184484324207086
0.0022588202222583111
0.0025951925068879896
0.0031181297120305269
0.00036037708558156473
0.00081307659809034378
0.0016045188756481337
0.00052849119163058062
0.0040900100105342096
0.0020809723667240773
0.00060034136930648243
0.0024213403101887476
0.00047876447572023741
0.00059128174549222614
0.0023333182520407403
0.0028102589802654863
0.0029222931455975794
0.00013998073452470627
0.00096136167579216755
0.00084935926270821819
0.0010598839849596711
0.001233118748888406
0.0032326823680642052
0.001229650794394475
0.0025443166909836275
0.0019265511282218824
0.0012968351924233306
0.00042515719050795409
0.0028410210292963167
0.00016257655826213541
0.0011405330954402232
0.00032859475992560295
0.0029753734917828904
0.0027381154391933442
0.0028415930299330234
0.0028912326206025516
0.0013842589697869111
0.00050494306308098281
0.0032899106930764773
0.0018106689415061177
0.00039762608814872551
0.0039656340523282494
0.0028738526391207391
0.00082770179668012413
0.00045620391017748749
0.0019669666049230094
8.6750502827174505e-05
0.0014566120681489747
0.0013419158838168085
0.0013301972482241439
0.0016092363165075771
0.00097359670041174994
0.00015160603141998956
0.0012429926162263033
0.0018602077684094769
0.0013714857691768318
0.0039306583788688426
0.00050967543591643426
0.0014944446814413896
0.0011404738722868054
0.0010532625803278196
0.0012538043153078168
0.00096444503715266883
0.0037569707109227466
0.0020012631272404821
0.0041660207758315712
0.00049723084315067686
0.0010977891258516061
0.00033061327458461226
0.0012946707542102432
0.002917144699730955
0.0007455438396961905
0.0022162490441275397
0.003185059542467816
0.00055386583879105751
0.00055519581121930698
0.0018658994409125145
0.0026547684446733221
0.002801103767685231
0.0027973642043583424
0.0032747608581944901
0.0019583047029973965
0.0013140955028428775
0.00065831218091677449
0.00053745100062404692
0.0042996821805008356
0.0012684131303328146
0.0020564882537326711
0.002317000400633702
0.0017515639437291337
0.0025243356768361981
0.0043271255264355091
0.0019486273434124672
0.0022800800921037962
0.0023204216902376145
0.0012247443157845119
0.00057332566575417582
0.0019166938939914697
0.0029286663434242334
0.0020740461792455823
0.0018282239806860126
0.0027330132167026214
0.0041545647568841191
0.001735613247755182
0.0043475208562210859
0.0040659755539256331
0.0011899758769207101
0.0034047812010565229
0.003764532610315723
0.0016464230004686478
0.0030012541806419325
0.001313819243442544
0.0019719178565225206
0.00098895020797348993
0.0021074784269019906
0.0026222999048918752
0.0025921870190398848
0.0012656988418369057
0.0021129661923142452
0.0029339163621415146
0.001490181196369332
0.0019255458390165829
0.0022622927413307775
0.0042784639134455949
0.0028221862371344423
0.00091363944785808888
0.0047194577046923824
0.0020057094729390252
0.002003294570710848
0.0016223764734842982
0.0025588756553209194
0.002508074503698081
0.004387360691157533
0.0048273126068155738
0.0048497500704537408
0.0036250753137573042
0.0030590439151254793
0.0035772294544030273
0.0029610757508046967
0.0043004757902007102
0.0029654811312383048
0.0025776701383007981
0.0047491131540433216
0.0025755934764895342
0.0027465310890429965
0.0023298764804042067
0.0027958401775797937
0.0033066526353496173
0.0031750181734500203
0.0029077353579024892
0.0035892935873205593
0.0032225892693536202
0.0033571441188611582
0.0025183068075784951
0.00036162514360115042
0.0033018745718908019
0.0021424285134496938
0.0048952774099682182
0.0043582182889612044
0.0046000232191014644
0.0021495032748571458
0.0024856502013333621
0.0029571304650554699
0.0029056682528035877
0.003476923259226434
0.0036792424814480213
0.0039210616542305786
0.004208185711790496
0.0040259313006240759
0.0048453815626128818
0.0043455299257426708
0.0040625364437928933
0.0049836223794610243
0.0041384804684575392
0.0032951636062233305
0.0036985676716129296
0.0041052609868210748
0.0035008833463656391
0.0041779210348461869
0.0036633462496391297
0.003017228893708486
0.0031496066649067036
0.00065521897100420505
0.0031061660818354096
0.0033249491324438625
0.0038212710891739649
0.002325105831306286
0.0040959801079305091
0.0030880671641343271
0.004225114094687633
0.0023159511780070563
0.0036788741111096982
0.003356872340223558
0.0029927155531050882
0.0033951781933757724
0.0023118203743410295
0.0033735183599550686
0.0044143244703137123
0.0036168788356213529
0.0030155856679494665
0.0037267404725645084
0.003918456171800022
0.0048557960110327137
0.0053653893440470538
0.005075993945861521
0.0043307511057948363
0.0043744127147350414
0.0055299870965921294
0.0010353363176470504
0.0050572970829474515
0.0037942082087221766
0.004676919365893672
0.004656095179615365
0.0043297791173825158
0.0022094853906979694
0.0028364169678907229
0.0034530172185964201
0.0041436386343744044
0.0033707816691197637
0.0035330387654715955
0.0046168570049479269
0.00088751549664787947
0.0045911212789481147
0.0044159178978931792
0.0039463222954841167
0.0039972183101370153
0.0031113279912808127
0.0041794247734757836
0.0046634246640458819
0.0045900922496584498
0.0048278097558064762
0.0051201551675023153
0.00089165624435160536
0.0050592426049858464
0.0057166227673313341
0.0059355310955935582
0.0046505274879392036
0.0055950353251699057
0.0042271882360424813
0.0021896577371215116
0.0031321539888736261
0.0047516295117820632
0.004256109117035208
0.0036894391513426434
0.0046919348848058666
0.0037059266063896538
0.0043841811070885958
0.0037395766965633952
0.0048609911200275194
0.0034239193123513623
0.0040593272155683129
0.0047312375932599734
0.0049592243324055206
0.0050006585976395653
0.00051216157215541681
0.0047545014897812854
0.0044498640167228883
0.00060750837052510028
0.0043239265868313713
0.0046284910648600715
0.0048339687716917141
0.0028044535526205068
0.0050896769338596151
0.00438777799999715
0.0013061257542652622
0.0036060305299551775
0.0052396550537340842
0.0055381915672868707
0.0047082721398040619
0.0041804572878185375
0.004657475969675617
0.0044984028332641767
0.0044353414290250808
0.0046060760065341029
0.004707800786149568
0.0055915358300651311
