0.00011040106395547515
8.0880617872327248e-05
0.00035000793745819608
4.9173553896233782e-05
0.000206964689004607
0.00034194588030862154
0.00020312029214933654
0.00066477281713773757
0.0007704973484868149
0.00065253267525711069
0.00026812022575735525
0.0020436158691166375
0.0011848391741676881
0.00081511074751346255
0.00020406146074326831
0.00091050164327975832
0.0007163437233867969
0.0016999891301055098
0.0014138185391470825
0.0012980904376743737
9.2963247761698105e-05
0.00039874933299923344
0.00035128400914336027
0.00029302389242709143
0.00081039515037157131
4.0776178252188635e-05
0.00035553145437807284
0.00093092185449372017
0.00012395285060215236
0.00015603685568059698
0.001338992989314815
0.00064985673554409057
0.0011377046846907583
0.00050207773405424748
0.00088904074853982757
0.00063443234086110625
0.0015520859147036107
0.0015571970921330034
0.00060020759458386073
0.0018907870074623796
0.0014272396928567161
0.00088034605487046088
0.0021689848659329314
0.0024637837363665157
0.0028490741212698861
0.0020066632892202455
0.0031418620545724868
0.00068036013065139202
0.00043562926308880198
0.0021096417989467315
0.0029136789081350718
0.0026497112665738441
0.0034710422966782416
0.0017642917723832982
0.0041944770186465707
0.00080832869238049493
0.0014721713393469472
0.0011532526166135048
0.001339936923925489
0.0034988158779485352
0.0039618368774142505
0.0032762540455022245
0.00095464659042727019
0.00087379808121369567
0.0014805384859275276
0.0017548816921116883
0.0026385860210555159
0.0038906906930715099
0.0021962848557570461
0.00093105986791515601
0.0022845960282428584
0.0026789727793819786
0.0015159340169066304
0.00024409193868575984
0.0037581055418474604
0.003482314687291101
0.0035874667206766985
0.00093239209662540103
0.00070101709419703642
0.0021395606129598317
0.0026747681457120831
0.0017085798471219518
0.0022295880531365887
0.0046695310405121017
0.0043794810301054704
0.00026198429381644756
0.0002602479018490379
0.00040790294569248924
0.00060183883707370424
0.00017788611583007929
0.0022293507296419152
0.0020912234863436512
0.0036805938016076321
0.0028968057490255526
0.0030946628996174961
0.0018517751144186932
0.00086372803366787656
0.0022012309586287148
0.0035281857025502238
0.0027378902806511943
0.0027071112868450311
0.0020721880003736928
0.00086194744530494391
0.0026456526562997746
0.00099029504450280463
0.0008444430218417907
0.0027589802825193485
0.0021350441355744258
0.00053691463973701173
0.00053787559798051953
0.00092777366646421846
0.00070443323973939324
0.0030903765535592988
0.0039108890813788271
0.0045149611698407947
0.0030618497025074374
0.0016186662511376035
0.003356448298448765
0.0043611480755929013
0.0032881918723649635
0.0031961517138010612
0.0025897886269774704
0.003098829047146649
0.0025445921534858629
0.00061972404968958577
0.00061305632022214021
0.0012104894895618396
0.0012806428478822323
0.0012624274319295494
0.0009776512346836904
0.0023862757230108523
0.0021531458910514258
0.00065382893863125775
0.00095622161670148008
0.0021938149027237027
0.0037047709828840207
0.0017302337887055133
0.0018098784790132839
0.0049132590820926197
0.0023545502591634112
0.0053913931910535293
0.00066881562776945644
0.00081911528059126272
0.0013961322127790127
0.0014440656929961674
0.00097799104270875222
0.00088740561879722697
0.0023051434649337538
0.0051117152664664012
0.00081702400303330176
0.0048204802622189959
0.0019768345184161032
0.0017738675125563608
0.0016091927982754494
0.0017177198222552896
0.0040415545029380091
0.0023872109116835206
0.0053842104375865021
0.00093960623955518228
0.0007185941664202989
0.0053180643097249652
0.0033721245842232633
0.0048120273335327136
0.0030859508251646988
0.0034746339559525549
0.0042264371048175266
0.0031574340231950394
0.0010508195632295883
0.0010262412432799121
0.0010546003514145363
0.0020979720256785275
0.0026404179173253372
0.0034232814988907167
0.0015808660567834603
0.00043226558070038359
0.00082838377890763406
0.0030667037281437255
0.0024707723015375215
0.0022129629348250283
0.00093389509637411042
0.001102716279614116
0.00033217690427023546
0.0020663490010281648
0.0022321789180330515
0.0026355632519607509
0.0034102746450266914
0.0023163848697561268
0.00031060186004370013
0.0010136913983759771
0.0024175227642150897
0.0017650631820485848
0.0058343883922614675
0.0024507473468446382
0.0051912752300947093
0.0033939440863165033
0.0021011798653012381
0.0043418439350142888
0.0034516757211022109
0.0051473127864873226
0.0041483065417804678
0.00061938452852095145
0.0024344634184010998
0.0024697846336590827
0.0015726788402328779
0.0029964836903747594
0.0029873446831877215
0.0016775216603188536
0.0031065866224302798
0.0034542717864552396
0.0043793852567214908
0.0048430989032575058
0.0047459111646823851
0.0055026828156128577
0.0048137343607822089
0.0043217255051085151
0.0024471557302806722
0.0033502539344573991
0.0051534423930088107
0.0058439446786358812
0.0028308190680489719
0.0025311813791411919
0.0034674122827102719
0.0018242228302927086
0.0032951183813521947
0.0043816970213842142
0.0038414905386196917
0.0042150161430089877
0.0035977992239347367
0.0037014257407072771
0.0060335444558848612
0.0050427203804344258
0.0035048870106564444
0.0048019178441229705
0.0034904935236097891
0.0050184393665616495
0.0040222225386572896
0.0024981729947868483
0.0034133101101279316
0.0046420715991717966
0.0045693831478449999
0.0055599006794209652
0.0043071448167099884
0.0041865671856279743
0.0032823647866000263
0.005563957808785212
0.0060596578273089102
0.0031109938883882044
0.0039496131046210673
0.0038316637976932408
0.006314653428284446
0.0036887213225676842
0.0038491471200462917
0.0051271661796050824
0.006736849448332945
0.0019857561154903035
0.0054579800928277822
0.0051162119612929496
0.0046533235575896238
0.0041228013611234859
0.0057375789829057083
0.0045791997635801825
0.0059197269636936346
0.0061383116943530269
0.0057497021641339718
0.0052302276649734813
0.0042386818255667558
0.0041610760684755435
0.0032855897119628825
0.0036481872643737141
0.0050564083852696201
0.0016409477927655854
0.0053222176828391157
0.0039912151727740401
0.0056785906523415591
0.0054682030050296421
0.0050397031761877575
0.0030830616172787704
0.0065232383821507058
0.0064325637190636338
0.0059873733074025078
0.0060232156591689826
0.0050958380369608208
0.0054309571782014572
0.0069513782048288572
0.0061601004909263247
0.0051443578684519991
0.0056393142100093227
0.0058486557208780737
0.0054442794520450461
0.0043990779498403031
0.0072315997918577435
0.0066567574594575936
0.0066243259268072173
0.0058913045426511939
0.0054154601422579723
0.0066576103984886548
0.0072339406938712334
0.0064229959154374723
0.00740464504551287
0.0061848465304075563
0.00036403130925363768
0.0066016279792964344
0.0053088332867692965
0.0061192353436770987
0.0059873177403704245
0.006997230690655761
0.0072516871613619851
0.0050755933126316963
0.0069883080770067919
0.0049714375685262196
0.0070770356235692212
0.0070027749739025695
0.0069257473337963563
0.006171470067466483
0.0071022747721066117
0.0057483352369940757
0.0063886951300813708
0.0071710642713581742
0.0018674250536368983
0.0060828947933367263
0.0042117499714958507
0.0079625549893851885
0.0067698198960658602
0.0064250394764425499
0.0064656477794062788
