0.00047367341217851243
0.00072168045102969053
0.0003976992471904536
0.00025328231019142118
0.0012426923223636394
0.00046885043834365888
0.0013115267557999234
0.00074826347187500878
0.00087834868364455724
0.0011221605826667242
0.0013765031290505678
0.00092468878744315854
0.0011328080882575427
0.0020360281317306039
0.0011703647322968214
0.00047545828897472804
0.00063570923760340801
0.00071323058411686157
0.00081314171634239596
0.00081898555257625921
0.00043320807577693364
0.0013447331148688688
0.0010090998755272159
0.00067163606599320437
0.0013519649814755814
0.0013663041496597842
0.00092016620136530912
0.0010447381870223303
0.0019377960589062949
0.0015927780449602658
0.00087684948309590754
0.0015567335035723854
0.0012539665682273233
0.0016187249497505675
0.0015183720265243726
0.0017625612726529982
0.0018912800343568086
0.001132038706989036
0.00171159797550112
0.0021219959633536124
0.0015501390576239656
0.0013957880330108087
0.0012313742786739124
0.002235537105142757
0.0014302068129227496
0.0012013577561445035
0.0011486141398472764
0.00099932209881093532
0.0016228575276452282
0.0022851881936246281
0.002022627477178835
0.0032457378724654751
0.0015428253199325616
0.0031475272236601267
0.0018726024781224341
0.0016809442409256449
0.0025877423700307201
0.0020186613842815503
0.00185316620322475
0.0034333730602384635
0.0014544066816663413
0.0021563366602328341
0.0016618600003217307
0.0029268027335597312
0.0021182029359568728
0.0017591137994753742
0.0025209988467505377
0.0028767543649378161
0.0013267231199630709
0.0025538926243211251
0.0025388776924810345
0.0026596984571170502
0.0010693775390759924
0.0020051089384253238
0.0023695822406131009
0.0023725748357193099
0.0021538765587078169
0.002697381897794943
0.0014982974877206943
0.0033677850927421515
0.0017267806154699862
0.0023508866103139382
0.0013677627709975592
0.0019033126708004984
0.0028298774441695295
0.0032052543630750685
0.002030533528016134
0.0030309718212541341
0.0043667299338510119
0.0023753452838639211
0.0024930551597054707
0.0025246919274834181
0.0021985537138912757
0.0023095582024546626
0.00046890848614077833
0.00077852980206429066
0.00082828142206923497
0.0025764397967941838
0.0057911501310869348
0.00065896451184388688
0.00077273202599179968
0.0019095296770270723
0.0028710162110521546
0.0016938702759349887
0.0022649445136115349
0.0048613077783837147
0.0030405738829621808
0.0026656670896086855
0.0016241651752898116
0.0049864074041848149
0.0022967918362141685
0.0043344228297978954
0.0028341851004631464
0.0021170202653790146
0.0020442895030420381
0.0047308285372030037
0.0058968349149196419
0.00097595074296896701
0.00073753310651628403
0.0015864654836513635
0.0017104539413380815
0.0011776171281066223
0.00075588046481470323
0.0014870854598578965
0.0017709086930327808
0.0014435859300296601
0.0052481348593187201
0.003013410681175924
0.003608600165466048
0.0024905948985439515
0.0022227084836848291
0.0052865146953598582
0.0023807282526534068
0.0022986349542234294
0.0051118703393239302
0.00427778363770181
0.002858797786830989
0.001126308069491395
0.00142615834805392
0.0066902623888770328
0.0048589179300318128
0.0022952915221408337
0.0023585204937390555
0.002348594793578749
0.0024925101100238996
0.004027929840127429
0.0025319318155767952
0.0022919614852686837
0.0023839371279769212
0.0022272380300096808
0.0019970702246487472
0.0057442726173062746
0.0028643870415888222
0.0039327564217894583
0.0038765724492158993
0.0020109865188363447
0.0026135107600779419
0.005229627108145363
0.0025042156411787704
0.0028675181160689881
0.0061956610141840366
0.0048422717039809564
0.0048777571696691025
0.0025537984752067545
0.0028822546965589805
0.0050118216050816849
0.0051117618011975218
0.0025337619694716295
0.0026252694074445334
0.0018680293921833123
0.001226208178325823
0.0015277957206326607
0.0023784323452789966
0.0035089444511329426
0.0060126565167586471
0.0027299429479399457
0.0028960926274770996
0.0016838069620702207
0.0022181850007501028
0.0015480927759748057
0.0020924086252627487
0.0025891226733953747
0.003149134926030053
0.0017435983696882831
0.0016739979637404258
0.001124453472650225
0.0013384831739262006
0.0027927185533879301
0.0051237300544489002
0.0021827650205104529
0.0018626378931851221
0.0032642870771003004
0.0032470188228085925
0.0023125125656475254
0.0035270668064207775
0.0060847479998180735
0.0039929085740810447
0.0055361137296458104
0.0037755624631708564
0.0018266745035121102
0.0051305167246206472
0.0046375179762557228
0.0041793635848053449
0.0026121244396928429
0.0016634231567958038
0.0028455360719017424
0.0034313430253134036
0.0040233430915253528
0.0020632015783249775
0.0026042130471513312
0.0045981241243913569
0.0074932977918430932
0.0027606838245154467
0.0051116169522063132
0.0086433001529250663
0.0042013775255234235
0.0045050222674823757
0.0022445048542789866
0.002008183025870908
0.0042725613762145823
0.0053512219051012862
0.0032554951405038236
0.0021243242422526835
0.0037146251970576038
0.0034199651656158371
0.0036948137085162885
0.007046786949982657
0.0050355827038546198
0.0045556894315217098
0.005795127228680085
0.0056264760020426933
0.0029178018581468741
0.0039503342210883991
0.0020247508593852184
0.002035308069493921
0.0026058540936726815
0.0039699524670146428
0.004308042430794524
0.002993425822428581
0.0051098969652388993
0.002210316096066962
0.0032308655515957876
0.0052309967243586043
0.0019973622167266804
0.002731043729033958
0.0043860427329730622
0.0044969160091962914
0.0058864221485739653
0.0057516523518108065
0.0043873080404560746
0.0053590166182853893
0.0057498454957549752
0.0044143277858853499
0.0056772459302365024
0.0082697303187015438
0.0048318483590482388
0.0057331458621691792
0.0028280142402075411
0.003694648039985688
0.0036178021175259805
0.003771221865016122
0.004173953734277357
0.0043772391972756201
0.0029947130633514217
0.0038459199387524518
0.0093886560373001027
0.0083560481687799774
0.0038377305381526003
0.0034300664078288309
0.0044514490617199387
0.0035292908071967487
0.007096836579739035
0.004053037645565403
0.0076013448159927199
0.0037210324233739067
0.003257162530009686
0.0047760054206674642
0.0022730066781686369
0.0054798907909426459
0.0040534061290407233
0.0024616049488560823
0.002816741609314298
0.0044523256613887216
0.0045697444035097028
0.0056503250690152183
0.0036790069378240028
0.002886438854715726
0.003181024282076166
0.002407116869202188
0.0041862557873554524
0.0020721150460927839
0.0038061560759612627
0.0034893070677216461
0.0021602157716891584
0.0019264521379335588
0.0026906815625733008
0.0022205509222191469
0.0041904164538914216
0.0043847867498557833
0.0037955664111088343
0.0028815458743679445
0.0026415926530200906
0.0079250804824223496
0.0036755177072954255
0.0040682572870708242
0.0034675838549777928
0.0069732659084051577
0.0063422861794939873
0.0032637654862930111
0.0035370559758507074
0.0033783796342986426
0.0036789298858247803
0.0027878072493562199
0.0060501632190328577
0.0033083618993840075
0.008693112291424207
0.0090278170429748394
0.0037978079283952299
0.0032511341557403353
0.0041512728936747021
0.0045169572353041939
0.0059480758094725555
0.0034320053959463652
0.0036357127516897041
0.0102210992113437
