4.8775868773608514e-05
0.00010807699931331515
0.00010052417579930369
0.0002235383544855062
0.00030346310281089062
0.00023387042978607238
0.00029986282074900313
0.00028863260743358567
0.00057607593865886863
0.00039854189415110448
0.00061990080998423349
0.00078876410235289348
0.00073815381791081955
0.00055577568976690386
0.00085557640640860255
0.00035391129426219859
0.0012702947094695783
0.0013365753932037959
0.00030922461823517072
0.00050910136472901324
0.00013806936337452361
0.0012668441635725024
0.00019270088883018875
7.1031479340934964e-05
0.00051907740001446139
0.0010357163428716815
0.00050427283765347344
0.00013642498968044936
0.00098660030728409663
0.0016072519852623559
0.0015645308289538036
0.0004447681580361959
0.00025161775676659344
0.00016381311910706401
0.0013749394744167602
0.000913235880289756
0.00020073246318359056
0.0011855627380294126
0.00067756249348206602
0.0011605301045136077
0.00050140368979552461
0.001853893576467712
0.0013754562515312255
0.001927846228592619
0.0019000579232538223
0.0010484900089380697
0.00053101168717148883
0.00051376583791894583
0.0017172158269467442
0.0002968937934938409
0.0019933373572745099
0.0012315587900261758
0.0022329538063238117
0.0006772858885231585
0.0017650387224543143
0.00021969788552952661
8.0846186284781944e-05
0.0017041291113083965
0.0014544056888807762
0.00069203848912374711
0.00073789861649955232
0.0022784855509879226
0.0025739336946683004
0.0025255002762303003
0.0014020855879641051
0.0011425067964031788
0.00055506134594369256
0.0015218598289925623
0.0027887137275846821
0.0021623364761592743
0.0007721986383501673
0.00071999583477750924
0.0017493074869797706
0.0019027229591454514
0.0012501349819478403
0.00058017995245115788
0.003263259711905343
0.0028866986108578492
0.0017140536025068249
0.00077213411018117436
0.0016255593356299292
0.0020459211995697587
0.0018417647212599496
0.0021069035739796744
0.0024452133511612567
0.0025261259143522495
0.0020230686437945015
0.0029558758567575041
0.0025708889750032209
0.0022112766597308015
0.0032363376026047024
0.0024505552811815586
0.0018996833225259238
0.0018854748517186965
0.0024772422828879914
0.002203346234493142
0.0048272272691653687
0.0028057297076849899
0.00065743108107291811
0.002302742373302801
0.0021469273654003878
0.0030938331484493776
0.0037307591626008045
0.00081828503475994642
0.0036503986375359416
0.0037797306264455047
0.0039943353369088479
0.0033542164269793466
0.0042591583955766919
0.00011644501723032632
0.0027896074213942797
0.0046045634070769354
0.00082147773821226783
0.0037992692314063074
0.0029710588696256939
0.0025975504539180092
0.00018305703904505707
0.00046346720603552909
0.0004358417509300598
0.00035175791826690079
0.0010633039533785287
0.00064496734492223214
0.00069896393920528205
0.00087185248228683373
0.0018683913760294483
0.0043076260738366904
0.0016457521449360535
0.00084057162688851541
0.002794415424655894
0.00090177833204225643
0.0031573124149296278
0.003858415511108184
0.00087862293118411313
0.0046187031023277071
0.0028044306560057672
0.0045767711499980863
0.00042999120747966155
0.00029462012533732715
0.0009537306418657362
0.00080466324813274238
0.0010164181321165675
0.0029486060721211674
0.0021233582656262741
0.0036466771713850716
0.00092930709121336584
0.0028634991508157078
0.0031515376453430969
0.00074883003489104418
0.0020370536667708586
0.0042396005244187207
0.0034606052954334258
0.00090338633386473864
0.0053881637537253214
0.0053647504152883546
0.00087776781906260073
0.0029085252912519175
0.00078527820895980544
0.0047708090788648625
0.0026867924648284894
0.0033232264716787836
0.0030929748237998708
0.0019625831518736855
0.00065272272920383675
0.00072947166130144241
0.0012012648351470122
0.0014241170966160681
0.0015117489093605897
0.0014458963849761695
0.00028089383519332937
0.00071335983931345131
0.0009150409876936171
0.00091363546197528061
0.0021606030577283383
0.00068771896072016404
0.00076677455958154594
0.0019511975215843896
0.0027249035925919957
0.0021175140078883358
0.0020977956771157454
0.00039703105123149957
0.0015653969663280837
0.00079735691374057673
0.0020424392705064654
0.0020376611618427073
0.0050575687538619253
0.0051494178297901384
0.0042523163549609893
0.0039524725377444872
0.0027288796933000225
0.00056289860690541345
0.0041884252519436378
0.0035123201285461986
0.002025783763670136
0.0008974560298188216
0.00085875546183845463
0.0016345166327756181
0.00197360795388249
0.0019156581194854179
0.00066627413676458957
0.00087139138298857998
0.0029558606560642032
0.0030521808161045219
0.0021506523790992133
0.0007995280529319509
0.0019779333992084279
0.0021320669452132542
0.0037919242265960361
0.0055635346671072993
0.0011226986977182468
0.0013842816217625111
0.0021041348384933517
0.0038619045308682532
0.0025191228805936249
0.0047427891978775684
1.8362802306801952e-05
0.00069904224191513677
0.0032878204221425404
0.0030857778379847788
0.0032011417153359309
0.0030582991589317202
0.001834266717744004
0.0028955838042660268
0.0016555964082409307
0.00058480343343004354
0.0029556152348226969
0.0024433017842150065
0.0032230406451985581
0.0052341205403816779
0.0049977246376870692
0.0032003036799826911
0.0018675506451414994
0.0030982932469831208
0.0020065687283946044
0.0041237015960415759
0.0032474684656369633
0.0042734609465041708
0.0028503613155588044
0.00093258853729883795
0.0032278208837077656
0.002295218888804431
0.0017369805099071351
0.0046025010417208179
0.0059147134405544144
0.004908663712589096
0.0046853878114769335
0.0043650460137380628
0.0042693668960892793
0.003191766306811917
0.0049896805310417538
0.0025485478702802836
0.0025878274059598916
0.0034728577726409141
0.0058139645670562401
0.0059364964064609494
0.0049234705219384795
0.0043399027515011439
0.0024698788868934697
0.0018810898766987705
0.0043667006015860174
0.0043311509142676128
0.005263705627883382
0.0043660509937142513
0.0041406156210985062
0.002623168492228828
0.0049607600000438215
0.0029135114742956563
0.004679810342113541
0.0041886744280359382
0.0039321656577975877
0.0044432618614504617
0.0042474793127275628
0.0034098307564135585
0.0031564024283834511
0.0038637782780179411
0.0040492783400447891
0.0041845797746514731
0.0052375930307266214
0.0040444883449137787
0.0050443158019424185
0.0038601627343371448
0.002935315539406424
0.0023236666975542126
0.0050880441383290495
0.0065989574184168983
2.500967532953044e-07
0.0051533347285038188
0.0058877687680325029
0.0052227624743329286
0.0056023978767689104
0.0026003205638384414
0.0052637998740976914
0.0047277114884707247
0.004608103200941023
0.0045285778292380062
0.0036064456838835681
0.0039703906722338023
0.0041082169044638073
0.0061017524915224861
0.0053144227901742542
0.0038020607845820728
0.0060606004509756988
0.0054779293803914894
0.0059345212851546689
0.0056778903333525527
0.0054785728837187225
0.0047229844331158639
0.0054791104639550581
0.00620818708510288
0.0039924446700312262
0.0050703464154233839
0.0048281837501266819
0.0058350959916396777
0.0050606074779688806
0.00520104899059942
0.0057869865425621298
0.0051131616763428998
0.0058563339930128499
0.0051286775797567833
0.0043603356194735479
0.0066140265194595278
0.0061613492977890313
0.003119372906741543
0.0049266436939772963
0.0032744135358616492
0.0055095363714889097
0.0055518314201166343
0.005724706196271699
0.0061874708152378369
0.0036930204062853625
0.0050691661187330051
0.00571785186762311
0.0060465892172767268
0.0060292234774705963
0.0065842826196770739
0.0068906064378277745
0.0068985890419093797
0.0067573026746682828
0.0064040564897314611
0.0071780818903101192
0.0065286909055083065
0.0060831197958626992
0.0063529952183402783
0.0068719161161991315
0.0070435308673285598
0.0068020742236775157
0.0068862997906127908
0.0071673269436190691
0.0066389012047151728
0.0069065678184349671
0.0071997577714809427
0.007043957124384409
