6.0769983911129207e-05
6.4030255537245479e-05
0.00012046209396023815
0.00018944370006282707
0.00036622046642221048
0.00017175354662210323
0.00019363103843282359
0.00023134431634895674
0.00023497035988022681
0.00027873407318198542
0.00037547527734069149
0.00036122603890203532
0.00060350220739478636
9.4938155056620014e-05
1.6255764071278801e-05
0.00030630703593292739
9.1782390279062997e-05
0.00057864775341584149
0.0001701520155471424
0.00020898279769689565
0.00032891781720754666
0.00024455532856799874
0.00048453430722898456
0.00036602460043371539
0.00054207490644433119
0.00013436667632066993
6.517104959927517e-05
4.4384656564006072e-05
0.00054191539767043306
0.00048416761007790381
0.00066532144511934207
0.00089738968643386955
0.000565943768287638
0.00078189336153252265
0.00026962896855795026
0.00062850993413869432
0.00083679716389470891
0.00084606894204029229
0.0011294531317803979
0.00094834013116384204
0.0012940202514348448
0.0017592558497910317
0.00066687314567470527
0.0017571488222711663
0.00094326976323144598
0.0012863406031870936
0.0006954875578005365
0.0014472124646443389
0.00031495316902434447
0.00086807240921431533
0.0011565210776765945
0.0013010209495102434
0.00085056751545780707
0.0016138198084675937
0.00089596436425526177
0.0023938344143860989
0.00014989851999731694
0.00011633463706915574
0.00036421121830330807
0.00084223921840861405
0.0012757031745369699
0.0021389790705165961
0.0011105461628693576
0.0017539384551838507
0.0014422590442409486
0.00032396134610763246
0.00058466253969589681
0.00014617143234701058
0.00023424900840694361
0.0013759267348147034
0.0011458350986869148
0.001238087766252799
0.0013105870882330029
0.0016653924812333987
0.00012668416670415711
0.0020999574865306885
0.00043930690387388951
0.0003737264604361366
0.00096635646939149705
0.00042971734207334229
0.0016406598198949942
0.0022313488255016911
0.0025218965490824705
0.0011077352765461333
0.00036761047574627558
0.00073510129339387359
0.00055863211404750558
0.0014055750413649846
0.0017682917061312435
0.002148205930163362
0.0015284244021860742
0.0012015514358894865
0.0018283189198203555
0.00038534137298916504
0.00096720438697426258
0.00047844406938189022
0.00087475112754176827
0.0010639047362798817
0.00094566463974163307
0.0017301179864662127
0.0020900090887663544
0.0010407346588014337
0.00043171993269803432
0.00092582540678973983
0.00016137274739142207
0.0018771796463251298
0.0017461139678817635
0.0022618254759455298
0.00094591307009657963
0.0020220329924507778
0.0016968154527626652
0.0020326296090614295
0.00049872511284106147
0.0016399896123281263
0.0017803984504902379
0.0021523380650006309
0.002292377854443048
0.00042049941370216938
0.0010803584009162802
0.0014915148750534631
0.00092756120792207596
0.0012339019002686807
0.0013122352201860553
0.0020949712167445014
0.0018017459177675902
0.0023656345197728777
0.00042745612485846731
0.0013798574092593698
0.0026550731665023492
0.0015965137574719969
0.0001704621528132222
0.00053898824866892151
0.0017194322052148715
0.0016207251496199934
0.0016077898357679445
0.00023016401162583418
0.00011780297120246137
0.00025405373822851289
0.00030363559208113083
0.00021187829018037428
0.00045004232450621216
0.00024023745580561441
0.0022673460242191262
0.0021144877889756899
0.0012863345316222658
0.00063332091569579874
0.00055277317684149718
0.00053214018428326254
0.00064022072907512942
0.0011034794808710959
0.0023099998019657708
0.0018429338344766685
0.0024480788706288592
0.0030458491559752767
0.0025290016828669964
0.0012394931227523857
0.0006123090844135571
0.00013001785939839656
0.00079930580550599799
0.00017367633503911242
0.00053055741590080834
0.0012260013816547833
0.0012457110525947073
0.0029342313245768513
0.0025122890199348416
0.0011392803871007866
0.002832100221208288
0.0020238879374226046
0.0032427084753318624
0.0024238598416547181
0.00090330516934675935
0.0030469565223738295
0.0028108180561176046
0.0022971983143744083
0.0022582573270199194
0.00036795081629545427
0.0002076649563802688
0.001126201154422773
0.00090402850784033855
0.00085102026456980039
0.0009432533986068485
0.0014416498341406332
0.00055047675333774412
0.0022247096042776588
0.002931250688381239
0.0020043731612594748
0.0025453167977115437
0.00057134894471093638
0.0013021139604794674
0.0025451660100548916
0.0018360931492197316
0.000550701097875282
0.0022395275607996041
0.0005058996759239792
0.0018463345753505749
0.0026448187132672401
0.00042109903831876784
0.00050377064577504266
0.00094379925325916564
0.00043788486683056299
0.0014001991210276794
0.0018946655694839902
0.0010928530506465791
0.00058633764005711195
0.00060690374502500556
0.00041418945709734031
0.0034509488334282172
0.0016697457469713472
0.0004616698918423516
0.0013288999125166141
0.0013194541555385062
0.00037559375765359906
0.0013375189747340949
0.0012385666090401815
0.00091095762297650664
0.0023126014246303401
0.0017335419951783491
0.0013899831647278967
0.00056551624854437623
0.0011232578040616694
0.0025449119617293871
0.0026915335338249108
0.0010637274610230014
0.00061137405353734267
0.0020859157222833887
0.0027881563188398286
0.0032437345648260538
0.0006090414768688485
0.0026495272130897104
0.0034163592489419295
0.0031564040153411761
0.001795543455578804
0.0005848999388169151
0.00054597767586886988
0.0035685619051490859
0.0021114672190332014
0.00029682969676946848
0.00049035168025286107
0.0010723168560082658
0.00042322843675309072
0.001372495561601099
0.0018527612371482306
0.0014395073825720312
0.0014298552770231454
0.0014006021223197638
0.00061616270272229112
0.0028277844612240102
0.0019726697589285873
0.0021344511166433524
0.0016343391367518113
0.0031034356632851576
0.0022452935186828204
0.0018365647828054033
0.00053756292366745058
0.0018879088251470754
0.00056113070190795186
0.00044530711428033355
0.00051255350818589171
0.002559245622331932
0.0011567547666998636
9.5915842357380428e-05
0.0012211440612417577
0.0012956181337991893
0.00053858413956891908
0.00067347189076562275
0.0013793180019444503
0.00060842244898554607
0.0024974853727035176
0.0021697399059515238
0.0015853106239760496
0.0022675636528481855
0.0027170859539153197
0.0021200364408139037
0.0021668105755439024
0.00082572226260839779
0.0013522370250152297
0.00021141413658215674
0.00081846073163640252
0.0025716420296279631
0.00098529496915887561
0.0019012102042006449
0.0016781162670389527
0.0036051519730442173
0.00013080150711316491
0.0036605913848276142
0.0031654909474765963
0.003954324752434203
0.0025408105199158692
0.0015565950449226923
0.0014215035499427274
8.1053482688425455e-05
0.003471867633878451
0.0030016320850895879
0.0035146958503764407
0.0017118164051182871
0.002250806384037829
0.0012729753407970681
0.0013374893891892586
0.0022475092041371486
0.0020567413442735662
0.0016606843037718379
0.0021524182570117423
0.0026651643048177221
0.0032192850040781039
0.0017627325504208312
0.0028159491645867269
0.0037299373109811046
0.0026190565552095418
0.0020810992282922968
0.0013509974725202333
0.0011228134609605625
0.0037896832948609337
0.0029453631712760189
0.0021107123178728954
0.0020128395320727706
0.001267308528628679
0.0019859074489871789
0.0023961471143660955
0.0018472962074551629
0.0020630878049727017
0.0023841077649965838
0.0027783789036227818
5.5977508418778335e-06
0.0017502618808344858
0.0032051636680902533
0.0027842380625640525
0.00284642689920413
0.0028398010189802855
0.0012662853180097438
0.0037866463611159864
0.0018136398026744819
0.0034688673239857614
0.003568404388932887
0.0032598698879380029
0.0036633824005307437
0.0032771503798755164
0.0032295617040406428
0.0020723021670302575
0.0020035983910504478
0.002648129269252739
0.0025516647217854204
0.0042501965816325671
0.0022189042739295104
0.0015126830424933154
0.0012049349723837228
0.0030067204017408117
0.0026282266403076294
0.0032688694854299751
0.0027523511926711634
0.0036277017797889605
0.002921713253270774
0.0031026519433380684
0.00044888460626916132
0.0032664378051842666
0.0026579848268103311
0.00185011872203121
0.0026880997377370639
0.0023502255406787267
0.002593897731297287
0.0019975580197420665
0.0027892812907412872
0.0021151870241372999
0.0020795235381951939
0.0032207370792440527
0.0029505786122780708
0.0019734206780019567
0.0016154778314407632
0.0024503978953329762
0.0025029453934348003
0.002506609767823925
0.0041327323987878526
0.0018085648429913177
0.0023732095382129172
0.004422576797242477
0.0037327349844751834
0.0042685913100917496
0.0026249338476469547
0.0033334826480518297
0.0033167179431518516
0.0031189628312173054
0.003671334116073623
0.0033970132902830224
0.0030993295026930804
0.0029407958937448589
0.0038393866631819176
0.0042722757646307848
0.0024395429094933112
0.0029445666012770056
0.0035257283289170127
0.0037475566054669817
0.0040607467522093006
0.0030228398346352418
0.0032388183935194333
0.0032112387979741476
0.0031935639676691297
0.0031069867892759783
0.0034878629592390419
0.0028844960146567856
0.0035790240251905043
0.0031715100688644656
0.0012589334851728267
0.0029155231857340611
0.0031203165650881357
0.00070629819088650046
0.0041381274277881531
0.003563339066692056
0.0032545453329645819
0.0031983055235557897
0.00013056635036400361
0.0031396286944389454
0.002052553410501362
0.0041097759028007417
0.0041619084011074049
0.0033938011159196533
0.0037175325093398845
0.0036425632489196333
0.0032705813780507143
0.0041919065861567946
0.0025759250843645169
0.0035704191396527182
0.0033068491468930708
0.0036151537241810245
0.0036868401784409866
0.004815530966473104
0.0014232175502725891
0.0035403478696791955
0.0032844975423790756
0.0037155460067863381
0.0036371579995888165
0.004421878939716818
0.004162775842565543
0.0030650342685975035
0.0038013869881034787
0.002224997425974152
0.0032802614181802669
0.0012777588621782337
0.0040664514816847698
0.0039661775316098598
0.0041255210475111912
0.004048784531593185
3.8461520108772677e-05
0.0036826595673792981
0.0029629890304280954
0.0047722665535443196
0.00075389974076875844
0.0035348512913109449
0.0035908542131751009
0.0035452872057526574
0.0038432069171131394
0.004467454785026915
0.00388911784800332
0.0047585371988100372
0.0042024335858978175
0.0046024704497245996
0.0043983025562461964
0.0025118120769942322
0.0044055826912148578
0.0039289532776976901
0.0016095862785300726
0.003706440427226542
0.004475789608061837
0.0027249736422300893
0.0017929586859408556
0.0041576415976319527
0.0023031663006901557
0.0025048191639463892
0.0047889994185104741
0.0026848182235015431
0.0032878857678312712
0.0040575059447981784
0.0032310945048274098
0.0038765012953825961
0.0048083120053837511
0.0033868872578686916
0.0017780309845362595
0.0012896282386015922
0.0038710093499443403
0.0041242686001451371
0.0044061209849323582
0.0013474929952412831
0.0047329017825778813
0.0030684821548024226
0.0049800767571744065
0.0043901312975327244
0.0044617542360585087
0.0035897887462085854
0.0054080474376103109
0.0037074018525191424
0.0052762899507683538
0.005041905466162391
0.0051583125176214977
0.0049712606385900323
0.0048654513788999815
0.0054458664661902068
0.0054900142756434418
0.0053621205701780313
