0.004144328800202858
0.0041293111376354214
0.010395973486866194
0.011050722206392295
0.010386303075961971
0.011113251039749434
0.0092794009948942088
0.010710550435315819
0.0093193268596955849
0.010589997120822328
0.0066626871940440556
0.006595433064980844
0.017836221976629429
0.019316843865294395
0.017809627217658264
0.019609382986367756
0.024757717480532706
0.017927121544171469
0.024662834129967632
0.017820725922530103
0.012560231055809567
0.027658549504783275
0.0039435252555638659
0.012451193713810742
0.027541915700595842
0.01346320286096098
0.014613052486626034
0.039618203506472362
0.01458127521850878
0.013814433985290659
0.039529045316428639
0.011517507968439035
0.011567305998195219
0.011363003417691621
0.0071626201681865218
0.017427068425835048
0.0072824683289786449
0.015043629226113266
0.038544159696510573
0.011413035265268321
0.017390950145013937
0.02567921992767784
0.025850473552200322
0.02414434991119312
0.027122874410989747
0.022713522831915193
0.024161394114778315
0.038588414042650704
0.024130842502590573
0.027124582748819379
0.023895680426909639
0.028433987996918909
0.02055339057426453
0.03417056326680417
0.020826565907491965
