0.01482218435460167
0.96578500469997708
0.024524579524052431
0.09179441376835823
0.88088977725660023
0.88676066982936952
0.02016086889364185
0.08816192525307083
0.80116037671744711
0.81424640964550243
0.1750374134115899
0.8047112837170356
0.022929883044586735
0.11421825735272617
0.67621642483291622
0.71702877970998402
0.18709088276609251
0.28970269041544683
0.716257491115318
0.6894111805086669
0.023839722824077342
0.10482960675388127
0.016402552025624486
0.52452894803548533
0.61376891554677104
0.18298816319490066
0.45332662483221114
0.32403719102182149
0.52052869791805612
0.57986479861813189
0.55872645107419705
0.024290178684486158
0.092276543043825612
0.01967754173305877
0.014204524655703571
0.023197450946418927
0.18349753774402947
0.10271792014137605
0.113394352232739
0.45277497193999738
0.30055787328291111
0.097777614201698573
0.19942292720511576
0.10510928246388967
0.23716333685576216
0.42970435626522502
0.28889291579558996
0.45154436531346237
0.46184363432161274
0.46976886364056442
0.31871941088862599
0.22772772933599539
0.20996254643979631
0.32449560445052211
0.31708308500046833
