0.011934365565709343
0.98811415795151281
0.97083049512318453
0.99527306307257435
0.90080938706683245
0.98261097169198219
0.98494309412106174
0.859284502904613
0.95469521178232197
0.96937512249464897
0.96308192591284125
0.92636806442481689
0.94607593125184153
0.9599563961234947
0.94679244250702821
0.0020323095099030494
0.0020940552636109209
0.002114737073704325
0.0019799160985591569
0.010823288362375089
0.026578715052501894
0.0017651657808083507
0.010703529373006199
0.025880074657420454
0.010817095842888733
0.0081154523405277193
0.0099291487572391313
0.025288263778063289
0.047555791191329279
0.064417644911614641
0.002281579748659974
0.94154126297271323
0.83453672753896724
0.84867118760363469
0.90875999603483926
0.90464072800114448
0.93059399228380979
0.91391882302673078
0.81127801794213761
0.86988456681109438
0.88797707762821965
0.89478279358793378
0.9280082416592117
0.025684162274670991
0.0011133112250384734
0.022275353084994315
0.096134978685610314
0.046132652758827795
0.069556553236131635
0.007123980833804641
0.042918786215614818
0.021012361283804081
0.042307607213778499
0.07452168910493813
0.071300331211427453
0.012012157146105958
0.75633034201426896
0.89121555380313611
0.93047580938363417
0.82021339642979585
0.7291099000303527
0.80490269063021969
0.89650089557673818
0.76088668607057774
0.0012501834638107071
0.077764584394445849
0.047724069389171737
0.017699053198084711
0.03845777215065152
0.065171596267192114
0.092291992590185265
0.13625579093870427
0.00026181599281557946
0.0058579956943871957
0.11444457857884935
0.15821668812476422
0.059056456617217382
0.10818781149842456
0.035143518304359286
0.11228490580977417
0.69949310022739397
0.84255070228247586
0.8577343868020888
0.8693552811091978
0.78695024484009302
0.85858113134395553
0.85965561562069759
0.72343124666622949
0.8776220699778986
0.67140088081555527
0.7688991905339132
0.82087607404605645
0.76821691669816738
0.80768304462241958
0.81331640429271546
0.76943769065352807
0.76627690539566384
0.0055479349432658006
0.017146350511294841
0.21047191123914272
0.16003260229368002
0.18612499586483836
0.064890731498039783
0.095375027098734827
0.13134669862339501
0.17635773070542343
0.00011487768393606081
0.031410976670246948
0.040952995458243963
0.13367037892079189
0.098597782197773667
0.21199865921439037
0.23833603419662813
0.2741518076690112
0.63908979613423467
0.72175499886491812
0.84515036478043704
0.82827011965496777
0.72464081088338028
0.74249124608706962
0.71036944275027403
0.6646146286001442
0.066378155862903895
0.71426314256476175
0.0015161072937305551
0.13977538763378822
0.0056351709775502067
0.15267333402407618
0.017942245321017816
0.70603147603089056
0.61354797497833946
0.81201997421946459
0.67148114326944386
0.77813159657668529
0.65557239201598849
0.0022536863125571455
0.029319395152194876
0.011704634923586388
0.0021916499930243736
0.053961845905086271
0.011350290924545391
0.029013462268447834
0.57615433203925959
0.66065511307835334
0.77642924720484374
0.72382250355068811
0.0018582271988434582
0.051963633248898911
0.18258808518166253
0.33835932674413527
0.2649955030691668
0.30462690662958741
0.0021257722847742018
0.028387732642446345
0.011077667298745965
0.016428953746879495
0.11958511818249352
0.11119558556046334
0.77786622793674143
0.70572092448556401
0.55359500662169014
0.68238405021493598
0.65416476539888513
0.085689297889745525
0.053122584212737439
0.026554785477344543
0.0015101510755747567
0.18929390144593458
0.032708240891542603
0.40163646188736918
0.80076027748550249
0.51390150893220066
0.63777685431156417
0.61345224653057717
0.059645079108836381
0.60225228728100666
0.12369433715218331
0.010906599912204083
0.084431475546126192
0.027566987930324777
0.051765888289436332
0.20407861372258923
0.36875559291056059
0.23582083929391345
0.2849841238838049
0.0084625374712302952
0.0010773008990049005
0.085311496934140488
0.45880485333166821
0.67616323395833122
0.56697574610042223
0.73936328604112589
0.67306847219103605
0.68666557556022323
0.078589223902286925
0.55516142227925491
0.44943275755347556
0.70869548730341747
0.042762177271363902
0.0020921474655845383
0.59466491232265062
0.54549304371897089
0.12263321120996257
0.0020438988851787273
0.049290890153453309
0.12495684191342334
0.12006097352851579
0.026938302877525775
0.08259522558881921
0.050244598665946966
0.0073230796565629504
0.49536159911388528
0.45059653721551107
0.40826761527498151
0.44181856412265175
0.16152880702864225
0.0020146430131656448
0.014779649145754711
0.5174560017836648
0.58784369873500553
0.70299977642403311
0.50190588251478052
0.082326920414371896
0.33235204908333355
0.23122165919825471
0.0014965582480038473
0.010677511316330516
0.2170492594767186
0.16468022256332435
0.54433786741272339
0.38668300408161421
0.65465032453137006
0.75930408003611705
0.0019970889737578579
0.0018523065986936493
0.54736080501746653
0.60552891756156457
0.69547684863374271
0.31150343500508065
0.25980254158315508
0.43420407884349432
0.0092479610628971275
0.32698538490523699
0.27013789700049257
0.60247750041061543
0.26745952911634918
0.11686251257277276
0.04873449352329632
0.080339529458034728
0.077857865080770347
0.097601557616077292
0.018261148138649951
0.026467405346176559
0.43057207151411603
0.010547988252378813
0.16777069946716155
0.49295418644329075
0.51032307783371711
0.4818512464550343
0.026042227122019496
0.36870927810774856
0.15156982399910254
0.62360472734064309
0.60884807914659422
0.19017439347091078
0.0071412390004306466
0.054112275277989529
0.63889889848115122
0.38039275139982032
0.5144381097666384
0.010253071251475536
0.16050422500947875
0.21523079592128072
0.078579615621842611
0.15669003411747268
0.11402262516694843
0.0078417302020613849
0.024289633834274151
0.043919164007262666
0.32298327743663469
0.25879810169008033
0.31161337969134711
0.35106011109901208
0.033158928666393209
0.4543603632667334
0.20661054896475842
0.45070236892199339
0.025450706481872115
0.20971884620710801
0.60937120298044334
0.57928884160639238
0.6456691122425674
0.54914409637594452
0.14103984954870691
0.29400058060574691
0.27880659638614913
0.47054066428777996
0.65216011876810931
0.59443571282115837
0.038241158443961164
0.49053338638156352
0.11989958572173079
0.047435677578541578
0.045574823336152474
0.20531505361630648
0.25542079963351944
0.11100931219004767
0.15363297654906355
0.3968431320301693
0.48558692935917641
0.30970980334462095
0.55702447729391813
0.42350405646628381
0.14495894897424769
0.07061580653251151
0.020754275634189929
0.19075334126165569
0.54110554803717048
0.54209754712128422
0.022363036756798817
0.36781598539257693
0.076552660827521921
0.24966085339979033
0.41017897220720989
0.54139052037792457
0.31093938163918783
0.60133367579102359
0.086189938662322912
0.23888031386779698
0.093603912685196383
0.23756502869822851
0.26609841874640883
0.49210854789033021
0.58419455980816437
0.4199009092325105
0.14689405111203591
0.10611638409345929
0.54967567198531808
0.64461502048322761
0.11270011089836914
0.073134786504973084
0.25757484441378864
0.34415257998437315
0.52957885268817695
0.066255500735350428
0.3682104006619894
0.10756115341407885
0.042389723443563579
0.16465772500902248
0.16283861849506134
0.059905811623698887
0.10127598340424462
0.36820980015324317
0.19665599651930929
0.35142382596684463
0.48754606916133392
0.4701798512260873
0.46031171928756232
0.20170429167254819
0.15177193985891332
0.49510819801879946
0.37516355867050694
0.24443823042681986
0.48546614689203887
0.48274895401235979
0.32421271541443608
0.29574536185745898
0.41345721367689092
0.52890919673845038
0.43800414317522268
0.58004229948415598
0.13187511629512771
0.13892360697119732
0.23388549387194554
0.41004132269721416
0.43388795234708927
0.41195648481772174
0.3527524840403401
0.30116205813036467
0.41969391362328939
0.1717307691966663
0.20892637930835473
0.13827245555499407
0.071528324507753149
0.19428017667090688
0.17897531347716406
0.47647155987444229
0.42632808043481502
0.36675958481282395
0.21548801240453128
0.26995695310223011
0.18228474667016006
0.17741196253635222
0.44742102668907058
0.46274415918150846
0.1230185070981071
0.51395535289882699
0.14650651973949105
0.39832974270778043
0.25818382018543989
0.43047292557939343
0.10025191478779107
0.30649555542777301
0.35042202919766985
0.39684512242490888
0.2362282832814844
0.18881803269842737
0.2245014910890224
0.16429388097645964
0.36517150534317383
0.37513368934981034
0.29849143812538503
0.40096490852115846
0.21752144840926912
0.40997357478478919
0.18005166748760418
0.16171015711864173
0.28688374718132553
0.3419255959049704
0.34456885819717681
0.25610134703081883
0.23502982119076712
0.35428255078543158
0.26043281696403164
0.28043107868099776
0.31926351806273823
0.37560301383059874
0.22437932900594398
0.31819500960975522
0.20244625410203215
0.28841587330669272
0.32400546213912607
0.27088080148830529
0.30733097048956148
0.25568901829491475
