0.0027636219740343163
0.00082594430161444588
0.0028293673504581627
0.0040511746790686462
0.00078140239001009155
0.0087292574609247608
0.018799296115131321
0.0031415773997001367
0.0083393696847338418
0.030006202354937811
0.043336113546779201
0.035934788969008119
0.015055168438612189
0.016505619255819424
0.082724261956367978
0.062939626456455941
0.0027139721081237663
0.015737380005832833
0.027681895088461281
0.044048667403759616
0.99133698650759239
0.9712624019797933
0.98256133825319603
0.94553028585175392
0.95925753369831079
0.99619792921579253
0.89704419296758309
0.94068191805619816
0.97938633653567198
0.9482205010378415
0.8679360523926557
0.91572890488715963
0.93404841004171513
0.90354324296011423
0.92840916769868831
0.84835900094070604
0.89790247595002604
0.91902364515253587
0.96074146919208481
0.83493198473483321
0.88284171189132765
0.79209467595315186
0.8724257384457943
0.84278013881829661
0.83812815580072531
0.88440534847218377
0.78658922016884891
0.0021651558529343392
0.13615102548388242
0.056878769837028643
0.067559254103701602
0.039072813468337429
0.071562717037316648
0.078712105549491249
0.11195076209221752
0.0023952477972669401
0.15658258377535786
0.10315396658007439
0.011555289126141592
0.10777235654557746
0.15573453763219852
0.053177441200544871
0.72959397331057563
0.85759546054260294
0.90033934079742206
0.81369401957690357
0.73567884432041097
0.74647727311335899
0.79003356256866286
0.66014337409047641
0.75037212556114397
0.85081714760579008
0.80129335478640551
0.81467957534149871
0.72578541942108499
0.78450043985883811
0.67474714301420968
0.0026394436700515611
0.19433934093245281
0.12244156628613181
0.094848281160670608
0.012133423161144194
0.027866761753167563
0.16021733936631125
0.08911273404142768
0.0028327064784942884
0.014534732096260407
0.0028472033065465594
0.014844560035708465
0.035411152084522918
0.014062169697967388
0.013568197701206068
0.19892621712175623
0.031097854126952935
0.14142169092725013
0.2189901199885394
0.58615848151944805
0.68321825431109706
0.74860656162780947
0.73992127069961999
0.79833467138525571
0.72845855665162884
0.25813335010290561
0.064282070391266002
0.0027285523040963856
0.75705622729135635
0.8251143376052511
0.61001025290172417
0.002827734035546231
0.06542181974600729
0.014952845159409174
0.035899106012291321
0.033665725031012901
0.059983643691851912
0.21325560635926658
0.62490780322827466
0.64138105705263149
0.797913912177042
0.26436792456358205
0.7200779483339409
0.033914683429472042
0.17843834633999056
0.6889294683559567
0.76643550589141862
0.0026559300760910778
0.1035179394799888
0.014777453753193864
0.066463205923677909
0.036431641776045659
0.0026878873337107525
0.35806464555859646
0.28629817574021926
0.51066006198694269
0.62556779565294485
0.66062538172169705
0.21203227078162915
0.75731200519273167
0.5311462599071578
0.70302353629984782
0.014259591042103644
0.18534194193568437
0.14928236298858188
0.0030683774851026071
0.10520628771716913
0.014172049341471401
0.32721801208131973
0.69552043260809837
0.014116977099361803
0.13334769139807764
0.44540257032671832
0.67904673249916192
0.066604919033505225
0.036184559551267897
0.15141367578891768
0.015693955267907921
0.060709897073795933
0.56243104266524002
0.27704605504092411
0.0027374671490331954
0.38525283019583773
0.65663961200003473
0.31086450982729891
0.34213204108592049
0.24271527341195148
0.61385338163662906
0.70195915122172337
0.68367609490969228
0.40000150749813512
0.55099841438461639
0.47511771213543458
0.45856154515432401
0.61527055615403814
0.034447880313254783
0.061113687505522894
0.0010679620548930411
0.20217215423324658
0.030960916329778737
0.14887784936470536
0.31825991023995476
0.0029784209698326689
0.003604975566475961
0.26124616511258136
0.10433705943661972
0.035363461720118984
0.065987004981089475
0.38900309517865228
0.58679936236123298
0.00020640339669669239
0.32296871207720323
0.03574016685623075
0.20357790509346571
0.63639775332512116
0.54765173936669875
0.19387083457517398
0.034914610099361615
0.3842179088468291
0.63374301928311338
0.036931338765791327
0.099593563679710631
0.63595832964572807
0.35551836149772037
0.5098424845048658
0.4333814952991597
0.26005084268377027
0.10531730513076601
0.058092185810367764
0.010180449455942289
0.065244921444014961
0.10305296469524451
0.24789218552326245
0.094291019155258976
0.33385574110181032
0.59479751250117707
0.58413823942737086
0.67178718282464567
0.015305233424031808
0.40299514887400462
0.62678855727028771
0.30554870555244468
0.25818816405978401
0.018537203551455356
0.33184959041800499
0.009029805145344641
0.47802210094448516
0.063568145847259547
0.46339198694910394
0.56907559719506551
0.15343107230067535
0.06450077805302859
0.58952576803409285
0.098183428614186941
0.53998675348834047
0.40710399282515974
0.14359649568650923
0.10439995963499767
0.092784272762860692
0.1995327955526712
0.042642757073420939
0.09436713614164087
0.064181584216705695
0.14337066787502578
0.4264184756579309
0.49836055904279336
0.55969303725498609
0.58594922694428764
0.2454895748512867
0.027591599416297432
0.063855985530476375
0.39488933060015247
0.55365609682795491
0.27174268552241809
0.3603457130167223
0.53793552681637125
0.30983392871048987
0.52077464149446639
0.51639260410955279
0.57528998307176871
0.08158879577997287
0.19088486942760091
0.15397966378252043
0.13645847989259405
0.14360010026393327
0.10317025733887723
0.53530426113805452
0.44996129365694104
0.47594795352194191
0.49180408795909381
0.052726053446119282
0.21089161689070163
0.446593206460905
0.079591706771589374
0.10476094319568389
0.30734063884997292
0.37767181738014621
0.133057799864502
0.51448854795393362
0.52047110132031793
0.50671965597443747
0.37217928694906388
0.19621154278941327
0.12697905633936063
0.18841475071963382
0.51731591130458676
0.25523496248597777
0.21168258419027089
0.48274378689476755
0.43707720525844651
0.41094290096084674
0.47153109782201763
0.24721726310834616
0.20962747033297191
0.15310346212370468
0.1530008499216674
0.13405011115100035
0.308320683680602
0.18178614113731312
0.2464621168705364
0.37527377901420006
0.44075164475843187
0.18068692727787714
0.21140774368136034
0.23858024725742713
0.4343653393637098
0.34449712132030103
0.44787010535299576
0.47235744018602538
0.24708124408115123
0.24483300296609392
0.1867016718358849
0.29427416103789733
0.2118487197677793
0.33808571097837103
0.38302631755374572
0.27469914986456107
0.38243475313812997
0.32238530417904898
0.42292995993831078
0.27364102993647182
0.32534774601618149
0.31355285701176921
0.31268024631029562
0.38921711095253547
0.36044622107614599
0.31515560679466514
0.27322290404867322
