0.9879346771471772
0.96455520393181671
0.96292177793564449
0.94967247789217291
0.94857017578890435
0.96546812989097874
0.92089278356537108
0.90829674130401972
0.94014320585276057
0.91995314397937644
0.86992140669769014
0.90533280326050147
0.8995860395192018
0.90778043760474514
0.89860578299726768
0.0060487264723856089
0.0036011193111185054
0.031007583900353602
0.017434505363086175
0.025232516656467918
0.034994160945727916
0.0055785581191265254
0.028861362530604392
0.047554126298444736
0.074851958585052739
0.0050592087403637234
0.027763459916435331
0.02977035858651806
0.069171093962202709
0.13182937468505046
0.058177244469588753
0.0048536483224881077
0.020905047640561621
0.063526999172317369
0.10313486156192225
0.13313254072677788
0.024573651508343591
0.031188776122239813
0.035486539462975905
0.074334368728816921
0.86415420361936124
0.81975477706342015
0.85789775136299984
0.87923420180165546
0.86352552228864843
0.84682714392359959
0.80790264629820097
0.84889840929563243
0.84105408509073154
0.84850264533461439
0.0050877326962529834
0.11212898823848014
0.06590967732735778
0.025063280742598146
0.14223835536583049
0.1954202528910533
0.068859049675723455
0.10853517004919612
0.75318359647944177
0.82415295095067931
0.80959780827366523
0.83039356663720909
0.82284168340860586
0.77244600889199599
0.81187213678065362
0.79115813823250647
0.70123059410201949
0.7588528525116397
0.78482684601187314
0.79092999217644333
0.75628790030766513
0.78138316181630307
0.76523004714384235
0.75572134538009106
0.026608456121672761
0.21317054795060628
0.13813562177399472
0.19934565029859838
0.071860042897084281
0.051758895710347488
0.076184972849533308
0.0050882676309021661
0.11337192749671268
0.078335342323849283
0.026368451161925301
0.13927943685044183
0.26740815691090092
0.0637250835811706
0.17870322393715007
0.66824178990063854
0.21355414245253984
0.73684893902284621
0.68502695609181108
0.73907013432988811
0.0061191346345495761
0.0044414433487259515
0.031481669529315331
0.70400368763424559
0.74652182363948272
0.017240025887722034
0.060849256874191626
0.025899956802656471
0.75225565253610649
0.71676195379961305
0.11764368109353046
0.024738385846198387
0.11319562156679221
0.14492265876376584
0.044147147011172144
0.59242232742250178
0.72603984937773647
0.2004609200480702
0.72982929605251534
0.68768787482469451
0.64297983867520536
0.68785447083689322
0.66051168320882914
0.0049807872313538401
0.098631286288085041
0.067791053863749395
0.035908874064672414
0.0054989296520540857
0.076677593057310686
0.031659826537805226
0.067291145475935094
0.067903426250326138
0.069522742701613266
0.24684621436343279
0.69347425818866915
0.57334506105314298
0.63940411504211969
0.67830703273639037
0.0047894802950172758
0.35394855678740211
0.29070041734023416
0.66442796042836438
0.12194204095061972
0.0041693670958803638
0.14185934470139155
0.55579429064080155
0.056342501989609411
0.65264751190947656
0.16734866613134036
0.65579106276584342
0.50224217573993946
0.12304602253651023
0.025310529296217701
0.02421304588238252
0.12983818333880742
0.06845547135583277
0.097794030957006284
0.38385910169294252
0.59505776253380005
0.071659505207402524
0.59981695112183864
0.024837438489781427
0.19400877085459106
0.64468870397751243
0.4753606244905918
0.60099001528895613
0.64415963460648618
0.65462433263988129
0.18541877685115446
0.0052537386305026978
0.33036421200096366
0.28712184842267263
0.23009311604478325
0.54574665360414221
0.44888060892252063
0.0061971380168815678
0.023987264591361322
0.12482430368619769
0.60931089917849135
0.4952498216411394
0.48401274454795068
0.11212441326723319
0.02704411242441284
0.20372833722572578
0.38280976411848866
0.26788674858760775
0.0046267586498912302
0.12918298827763786
0.054492953489902053
0.083970136862081213
0.0043819778587698378
0.0091192408786643087
0.31586319618733644
0.57398515064294775
0.38299646397078896
0.03110860614085242
0.20445447700202521
0.17732875158620867
0.074177103478697701
0.60727801980562857
0.51628966335776783
0.058194964798029804
0.13169040109756738
0.4601027977316855
0.58277102574387663
0.34415917766794279
0.57709113645098975
0.50082359865420178
0.43960498199819076
0.073735828494417982
0.23097586617183469
0.15512793222748067
0.10503823326866012
0.13451017929090503
0.02989529140445072
0.59701417053113226
0.56685719613030205
0.58026569224597235
0.21101398638675614
0.11580673448269421
0.29610522893974589
0.025476505105169384
0.40545331047814404
0.24488995726939811
0.58667187947297317
0.027429521529326841
0.29330795967612699
0.029338081031061867
0.36674284746106595
0.092533534116903723
0.47365416213617989
0.51754338678164336
0.38665462025229086
0.064736155646549068
0.19993348978283207
0.18105224839460796
0.56064914869323756
0.45684791828996285
0.53601656943601539
0.11780242019663471
0.19973893102185675
0.13087224044578477
0.073050841499167407
0.25370242814392913
0.40383662834712325
0.47785888215577171
0.51101886535857133
0.070485725453243914
0.1234863256961317
0.1258411203336143
0.32631382701179823
0.54194103637796509
0.29573307514300839
0.35783482824808249
0.53011526301316125
0.20155987932931155
0.064461064924656378
0.064826218251702067
0.28370579765748588
0.55098534831460066
0.47216176844211738
0.40076203155677809
0.25841380181340479
0.20480892229444059
0.11048029535658423
0.18193744466490624
0.14070314887409252
0.49058890615460649
0.43082590877073113
0.1790412411234277
0.12041324150228973
0.34812274455924386
0.46430450356413389
0.12170007573898396
0.27483356562274164
0.40429779989736736
0.11256505989806773
0.11456008101988487
0.30812465439472009
0.37616880438256539
0.17616718314614271
0.4576281769098684
0.47088389272205883
0.49525916615690846
0.27277651520463458
0.19633982943292516
0.13856414441884304
0.21478962107012436
0.4816088029432089
0.25593178107319237
0.19940647732180342
0.4218487125731159
0.35152875566256148
0.38565127432093121
0.45219380301393669
0.27583054037024518
0.17285759673809736
0.15304003100050992
0.12479132534572322
0.15424906627177629
0.33303415366065997
0.17685640436929395
0.2093431177859876
0.30710030403496147
0.42649800608361194
0.18219470167008542
0.22377520609876272
0.25523705567567395
0.36614481380582581
0.38827613597972022
0.43894672696600662
0.4384508923013653
0.27189709052529598
0.18103599201582307
0.18822779478753066
0.21133488289216851
0.23200770074236374
0.31814834432607042
0.37572235007423832
0.33938102539186149
0.39381643166841818
0.37448867464358293
0.2658039742041326
0.34541452666420036
0.27977174966427959
0.21557425679276124
0.20344998524606039
0.32691146068208327
0.26974499886707765
0.31866619770144605
0.27029813381982637
