0.99582192896459376
0.99050780740462296
0.97807492951044794
0.9708179118703979
0.98229568305792625
0.94771215816683119
0.9454000633752403
0.97391284964807401
0.95987443665493999
0.90810695396446495
0.91887946279101584
0.9458292730338872
0.9576278461527129
0.86051162533922609
0.92515942397425477
0.90792828793890656
0.90417512126680866
0.92394075863269531
0.0021597569937439041
0.0099162617414300762
0.0013902469041777803
0.016078123581123677
0.0075610255092481661
0.0021801862380223299
0.0027736434136116065
0.027914411326398207
0.022166349070427072
0.013865076019415954
0.0071385932170236581
0.034181635758021897
0.05770672034955257
0.064347966630413922
0.034629541044951112
8.2116309935248118e-05
0.062532656684128912
0.012903483555569783
0.0027275184201966335
0.93039388236247278
0.80568349227507152
0.88029089303716701
0.86332621840587143
0.85869575163359868
0.83105192467005617
0.87936789889591249
0.89165629771541444
0.87851061437278
0.10143884756964018
0.044572987743189567
0.091813881580403336
0.0007868942145962711
0.037623731073610521
0.0095116975207813533
0.06467290802685248
0.050151134262598276
0.021060250030583288
0.0018139894339216651
0.0024704201226612705
0.76787016928871454
0.82727054620090579
0.81219614239721871
0.75850539711795295
0.8345313773393026
0.84394747245958202
0.75602699126914341
0.16896827791332686
0.079977024933560542
0.0018397687331537743
0.011337719703091402
0.046318825230491446
0.098229344321071624
0.0058730438774451466
0.00223986574069582
0.012388055646437163
0.13301248099431268
0.12090929035833367
0.14677621497977306
0.050600695128452257
0.10726336421660274
0.71580397311332311
0.7446002186037054
0.89131166071836032
0.84206575250300764
0.77531659354975924
0.81001773143024458
0.84831077976857538
0.79227360496877242
0.65090659735653944
0.59703198376700195
0.76140002219981062
0.71114542155702376
0.79728984640792122
0.78493170403715951
0.70304095511559062
0.012883739523287167
0.027588809405234595
0.078570213262906669
0.22278164020008936
0.14197289439400523
0.19951873010107479
0.18187406368360534
0.024640739507812915
0.75610706750534029
0.080579207584396115
0.0024105140363152307
0.053771982226982241
0.15411680914114476
0.056525607237615107
0.19441152129852599
0.084941656564239951
0.74135927318504269
0.79944621526276793
0.64208951876007303
0.69071354877074553
0.74188036194865359
0.79543398648506214
0.65664519255713583
0.013212602726227131
0.0029356726618785245
0.013830983383920597
0.032928553057876273
0.015233388265277613
0.011050789963490511
0.031812104265033177
0.0024775872543631181
0.28471803794973682
0.2087166670975088
0.22384973732427568
0.67873618739166042
0.72215211625315745
0.62484809131809405
0.73843925862982718
0.11901781274328112
0.60987159662463641
0.16759801255408316
0.029938742751804668
0.12325288787013217
0.0020888620978902744
0.061913228246670511
0.01124689158998163
0.057120085084485843
0.029098008547819281
0.70407245493250947
0.58282396098198064
0.68676676726122521
0.55543992124928054
0.72467353915590982
0.53229541781580691
0.2572874201270115
0.63409873547924755
0.67936508625958325
0.73507887526681959
0.0025264339365839951
0.1750227523373247
0.12908197566056559
0.54034425315864643
0.30071759537632314
0.31808980437425638
0.27012480190810367
0.23858443455933134
0.68475255590683137
0.22292117763016789
0.013138621062763997
0.0026397140972743969
0.090053885610864429
0.014055966828492004
0.090145342802904455
0.038320109509913776
0.056790870332352611
0.10144918072357631
0.002499292154655804
0.0025638138293343701
0.41372877759458421
0.51240617401077693
0.37772575663268126
0.47457226850418249
0.35020645942463213
0.71928860492361646
0.56266229652331423
0.37057544924860897
0.14160712331121658
0.1314064512365003
0.0025381110456299252
0.033525481903163706
0.013469992361769571
0.17118455653545839
0.12711372016010333
0.058384676592886847
0.62265643280887373
0.37306193520000053
0.42393799532153814
0.55729203720792819
0.22762011816285349
0.013376456261993941
0.0025615534299196262
0.002554152250799328
0.029680419645363589
0.098660474297723122
0.067146092155929357
0.22540996374348435
0.34522382697893411
0.67295982642282504
0.65486876177764597
0.44109514118623366
0.28134083472868804
0.013420394055202987
0.49016731667690727
0.2540942643389778
0.28287615621609935
0.13051524041936607
0.013188709549116802
0.41866179889777028
0.66981027615310518
0.67626192210292069
0.090774581306573371
0.4509176274191446
0.35149023611764324
0.51235881095110536
0.03287590116774744
0.395713035306271
0.031321131098551981
0.1585935142371418
0.059125659702310124
0.013226883815109643
0.18054076657723647
0.094190654194762566
0.057884514314332662
0.46446298710662648
0.17458737268322003
0.61540700292520123
0.032623757208734255
0.01339462403386585
0.32821243960363616
0.30256940844856128
0.3193895709322877
0.440794548510972
0.38775654840112489
0.03274862013541871
0.48445787233570997
0.58447404254366131
0.032226735460779442
0.18028862435075685
0.087853937423687301
0.22768679652402912
0.56725424820501724
0.56139127855945425
0.059553243528096357
0.49031391404242369
0.032051323155007166
0.37279580102084575
0.13009118890466367
0.060752167940291806
0.094516317829016483
0.3472790783643101
0.2836144881432387
0.61286659956106226
0.66769844852020899
0.032332255803871605
0.23855789439022282
0.45838373548237682
0.53000576830932722
0.47350747512725672
0.060323215905353417
0.35525898615421087
0.032730883115088837
0.095297133068971432
0.26386360237991757
0.17893655392057412
0.060295199318509886
0.29042636228042656
0.63061722645862206
0.42245294583874771
0.059593212037900883
0.17642240167719961
0.13808143130194436
0.13345198129234814
0.60112672230297293
0.40364155302754939
0.093277431362899968
0.43774298972791875
0.060146912008798591
0.093965487982686377
0.21084713967363791
0.33519113932113742
0.28643745751422084
0.42668697193980204
0.54370314254795027
0.48168285040934777
0.59827164170431391
0.40601694245417747
0.20529832686022675
0.61466336217599371
0.095226418173314079
0.094576827704936542
0.24769869475374506
0.22995721494754992
0.19130838165402314
0.093624876866595777
0.13604015882247497
0.52623651945482663
0.1823288594264805
0.13734282434392203
0.46678743800998335
0.41394290811405254
0.54920526011577253
0.46790084884433736
0.22892347204281041
0.13690759219931803
0.34480946036225962
0.51689584063929861
0.58614953876226683
0.30887193745532265
0.54112889909089867
0.50274381531850243
0.28479583057039448
0.13317701033502624
0.095449468544707372
0.13753415831689575
0.23794751360271088
0.18427637282239845
0.47793127783476241
0.4074610478626064
0.17629791861541413
0.13564146618836753
0.18365716367526805
0.34452528327358811
0.23691369205283411
0.18574734306753179
0.47978790494393697
0.18563715936252903
0.18431205222983665
0.18545963724583478
0.29487304592874625
0.54069110571843171
0.48083288056845247
0.34858956920382461
0.41308827198667469
0.23597076882961585
0.41804479324284183
0.29442185447557928
0.23920086323081327
0.23864803850880262
0.35586315189426088
0.4185668084401114
0.41739059267936196
0.23823343827768301
0.29215024435500053
0.35369037941945064
0.29651303303638266
0.35696006421633586
0.35595431307811448
0.29635295092098873
