0.0020973723846339524
0.00071516941001803502
0.011161586925572814
0.0019653002330213549
0.02013662363350438
0.028332481275792059
0.0013940804161154121
0.0065744611559103933
0.052464777842155703
0.019417537797326846
0.0023049311616416815
0.0091926143146221721
0.020944875492057508
0.99236406491090123
0.99793988365473707
0.9781058454219782
0.97413995941232345
0.956232126050371
0.97893432006131176
0.95242902047523403
0.96833487320101808
0.95794847624066126
0.96074543050891481
0.92480567380597523
0.9444051261012647
0.98739063292479623
0.002456319274475397
0.00011720527036682203
0.066589673737586022
0.039601926996249537
0.0057822553962171477
0.024232897005009212
0.0085418501763862287
0.0068006439020567733
0.08271906963172479
0.036432307816012768
0.060096342821028235
0.011913651042391237
0.018044333799919723
0.041884005184534591
0.069213855158980514
0.065901780690209744
0.93563313808380688
0.86985947908242567
0.84683866585329393
0.90671753845073921
0.88877218707588279
0.82858368719464148
0.92997899632602787
0.93556433236236536
0.90715888397840694
0.89726218653593826
0.91416623217601667
0.8761640694390046
0.93041404772153613
0.82209226814926517
0.012883540763164588
0.89455178115595102
0.89626865519080523
0.90320789637628129
0.87412462229131349
0.83632988107920858
0.82210794303588119
0.84050487033257637
0.87136725461217457
0.11721045750544691
0.095308375054125094
0.00041841779950189207
0.00087659896557809721
0.020232617238115112
0.092948567363640613
0.030338751757413074
0.048525572838007326
0.057067952243992325
0.011642104343265021
0.099665160722917978
0.81220821819224753
0.86002375476959758
0.86459297957443004
0.85470864845433148
0.85516375337684969
0.79819203187156518
0.76956374368712144
0.82788323153386068
0.15543676855163313
0.12720429708135314
0.0022907895155945546
0.13323021057869927
0.079116761092606916
0.090238753976884342
0.038091609445211352
0.011973423808074568
0.028728813423047728
0.76608248017305058
0.76135077223000214
0.78873206529115802
0.82164870632816822
0.83007717231957612
0.80638836679629045
0.77680583043628892
0.78061489950374396
0.79289931490032128
0.19941713416783005
0.16688819202640598
3.8684568443404582e-05
0.10573015620191738
0.040734911236172656
0.11855805625757068
0.0055931762228757899
0.036848095520047745
0.10558762739692293
0.14890723663654909
0.24973618578253101
0.1798286171368112
0.068022555971341478
0.052790854871182701
0.083323871145542905
0.71712821494605783
0.7102786396848686
0.77091370843140739
0.79651424413116501
0.80256026267949754
0.78759165458195546
0.73329381750243827
0.79395728511563013
0.75873029205618014
0.0014175746513672982
0.011479100492806073
0.1637819874399114
0.018401533484444992
0.82837287477619426
0.66538348131608827
0.69030750176105282
0.78521839449940878
0.74191830044947527
0.031410700017853031
0.00052286126322767729
0.0064561726948302069
0.057637090757589084
0.0019368304288473754
0.021244158415809594
0.0025117615059213902
0.74542541000221996
0.73568473546738744
0.72443132827975554
0.044143769221570345
0.013197754589463236
0.006971474233577489
0.0021479718404094641
0.21498279223177638
0.19775219090690416
0.23234011568014529
0.04919438187830931
0.1214615109416608
0.088383475762012359
0.26939215105468556
0.0021914548182401495
0.00020512704304192779
0.074702195109232664
0.61543027107512605
0.73893299217047459
0.76406906747924985
0.65417305569921613
0.74808740891869208
0.72619065148218676
0.0082433449989441337
0.13176017515296912
0.027694380681976074
0.17867052639397213
0.065412405641383523
0.60555385674575135
0.69449780734419542
0.71024966992462757
0.6748641726212018
0.72585652436631709
0.090949305991105858
0.0035417410085999239
0.059213710058949341
0.013355402555014335
0.032216296231995761
0.02181433070161461
0.011184120497667567
0.3054853852660015
0.11012805136648834
0.21411147529492533
0.2895641693452356
0.25203778792136938
0.68190100665419706
0.70862499760835951
0.67842543641970221
0.72612642834066954
0.6942065780097777
0.060139413505077906
0.0016549914343570713
0.62266586370793997
0.71995908786998963
0.13049172749225219
0.0023469106343933246
0.11226920808235279
0.0051019358884402026
0.032095082381292016
0.021885722442246996
0.14297139073746562
0.36541944557421169
0.62093270354912944
0.55674061088867022
0.67639225095909239
0.63463108186730965
0.17512977592773041
0.044820992111387722
0.021901204866187553
0.0015292960843405578
0.32839614278829643
0.00902792483734291
0.0086521474708701612
0.14527178259918916
0.085421540213433331
0.64860668855713066
0.49789904305540933
0.54345946534055278
0.64955712633169838
0.63827809404514546
0.15597422739183933
0.55750670260118418
0.66970754934639909
0.68278132501481748
0.63060542941162401
0.42826335563481233
0.31024515318966972
0.22997104093028178
0.26930807889789277
0.69205059596651597
0.43985711635107821
0.0018398395102647049
0.13917449576212373
0.026874012678034066
0.0012074302248081604
0.22352031188631941
0.012201483550831581
0.0091689649398191703
0.093682811069231126
0.058747796359939486
0.45527380710240628
0.58520072723310756
0.39071988480822223
0.49270785938559519
0.076387843505812403
0.022882674541487277
0.60838729930077806
0.58957196146112878
0.68877526360884023
0.13013006085179457
0.52653968016840291
0.0018006622796231399
0.044115124405298578
0.38282206912748479
0.0015892606180786517
0.27448464232890357
0.66357536037555565
0.20468429532358173
0.012830265606790374
0.25702405941618095
0.36723938879693513
0.32754008794180689
0.0058366178410534262
0.011037482066806634
0.0021154126331407691
0.042193420005430075
0.59214249749425107
0.13492050570193798
0.044861318356333904
0.62281985415913133
0.35027489957935831
0.5453819695898976
0.49334716409497753
0.48197982222361829
0.15145499673750315
0.015270806852805748
0.042922155221263851
0.0087743530523531447
0.23393118941742713
0.075549310860408919
0.16325165648610077
0.3270680368817202
0.19283447032962184
0.24375068544390985
0.62610117250204733
0.54074338486108053
0.47194505522188146
0.52074080590308636
0.62578620216562353
0.66294533058499638
0.64894591143364477
0.59860803672215335
0.029554208291710883
0.09272009909991466
0.0096269935135090846
0.42378186642676713
0.15762621309106531
0.033002888221471585
0.023247677943955491
0.41312203434646844
0.10501056003240032
0.62119872571462653
0.18203095815572551
0.56258684447225771
0.16307349963953413
0.0479885578370862
0.026684531752857225
0.015777638766808214
0.0088363244850843334
0.62094080038374888
0.50954210398470678
0.40467653343223586
0.28914015118925945
0.31147609417406008
0.1134137636028559
0.56833292806897451
0.026898139559861999
0.052828630168085131
0.073924112837984682
0.11044479057589054
0.052455775493443442
0.18129551429383176
0.57595180862368811
0.49800470161439664
0.43499880453321293
0.372467797506153
0.42394786122270889
0.61908917505117156
0.56118550644963849
0.20430594839557853
0.28549020996519564
0.07410697106138367
0.25064961059923335
0.57239610167078936
0.57427219858805589
0.22742176067662701
0.023964147047235863
0.26100966787180335
0.043777227462245924
0.58964128448680786
0.50461650844347461
0.069675105767005849
0.17683780931416473
0.38392156842581387
0.066419089450022228
0.51750714713332635
0.5136485898869273
0.14269415450404965
0.10819608603806315
0.46017787576521346
0.51708241749169603
0.32739812340308422
0.044680216003738955
0.022818765873716829
0.048526795255011163
0.1039708284791048
0.13333658008622137
0.078002031779680445
0.31807058536452648
0.46320622270191641
0.34662478477789926
0.55515928611425358
0.59261693721724407
0.53945368118304005
0.07938250036668866
0.20734045914558602
0.046097911550499054
0.088726917506361691
0.18072396856957909
0.4853585518761066
0.50218971316758698
0.56834121901489421
0.34189611659676761
0.53842768198213919
0.056905912686328761
0.1107456422926274
0.28510177776676265
0.15238767939096509
0.20559033246426581
0.29258501808451776
0.07076327102106561
0.43665133052237493
0.560805930279621
0.5176016299821149
0.40372961011466207
0.50175928907331813
0.45389037180340325
0.1511387584669672
0.14429633928567487
0.11760900836662233
0.10660541760351368
0.075735029990049163
0.071398665520839705
0.13818879452529539
0.34206842731573844
0.3767753012284355
0.54886626942788574
0.4561553705117623
0.50840747324070024
0.085735625948623384
0.2304575291766143
0.35570903417736394
0.48374546639842864
0.21885244045190808
0.10008224900737037
0.33323557547780164
0.53556806999047291
0.45770576070511854
0.39559375157429183
0.42965992418926319
0.47019769778548071
0.19958844225006331
0.10512827998125931
0.23963507549878135
0.26659894359144204
0.5260735491092382
0.11461870142240196
0.24993026139717978
0.071298300877329357
0.40077183080717049
0.15704393622252055
0.4964739964622919
0.46631416431547873
0.18063162379221767
0.10680194210613668
0.30209108665193479
0.3104294094811999
0.41828493942915446
0.18950123893256168
0.1427933001349517
0.22777416315498833
0.50292223192542296
0.37832791585996939
0.31820874392627246
0.18201942030412102
0.17947083566583691
0.14443489112808816
0.18117220292908448
0.17095042676817138
0.10359361156009432
0.27383298797789624
0.44827115076836144
0.48975976745959049
0.44089022604551381
0.40701603141393061
0.140478809140755
0.35509060203444281
0.2880970141925826
0.26644151208331768
0.46123530120995371
0.50173694769525035
0.39394805068796818
0.36615141345268171
0.13366316848847698
0.38892766493289355
0.19085005869473506
0.20687142124634003
0.40517719448938461
0.23085137075130066
0.19235847395030783
0.29621030474877624
0.33558848727441604
0.13499945626092591
0.15510855964022727
0.34220413549195433
0.27294107092202891
0.30220519505571236
0.43436298748895102
0.38952938276935484
0.45518098651713057
0.43795114463666523
0.20314458953036807
0.37711516745632823
0.22600000202188017
0.24626611746939556
0.19304424582571636
0.24070941681355876
0.1742680280760493
0.34088607441222851
0.38563534752237638
0.38134431365209104
0.3415504064362947
0.29183810194665621
0.29751794292008638
0.39525602338434518
0.23053977022236094
0.23488846108371053
0.32770975041445327
0.33887122246874662
0.23474648483449684
0.27771401397392714
0.28562574737755753
0.33717485871351766
0.28326067518279074
