0.99570355317314263
0.98752601936796625
0.98701992595146604
0.97033178162736244
0.96170718523254917
0.97006450708583436
0.94842667984112061
0.98277596978380355
0.94585626412271762
0.97247870030747185
0.91880886846984866
0.96479888922892176
0.94343453981575898
0.0057054731157859025
2.8248691122174807e-05
0.011799232423220956
0.00084094140764011198
0.01917453865552643
0.019143444689205213
0.0016685490197417014
0.0065585753439548859
0.040112412840667695
0.029128432364004093
0.0023946805414820859
0.0093867197776167036
0.0022689480752536096
0.0020177250109030512
0.010608329627033721
0.92491100707298224
0.95161097262566929
0.88047062302018886
0.91902451439470989
0.94191923244400755
0.83991398684770879
0.9156806331589239
0.94126581900929818
0.91938601412999943
0.90944705376750645
0.87001054668049171
0.91842497055558558
0.89259525285581764
0.81670039775670022
0.05407848646506596
0.056578530974109018
0.010815269556271117
0.04710240154501405
0.0059392867422537457
0.025599494414532707
0.068046204432236024
0.039494094907748307
0.067538367834892671
0.030561649990148439
0.012642537384732517
0.07704441724360514
0.024233630919711657
0.069342740464068894
0.0020118679307651972
3.3984231518710567e-05
0.10175216166734301
0.086370467118149427
0.019985051829580661
0.088270481400776674
0.042038567295617182
0.11104091992595347
0.10295071542045496
0.88103926938238908
0.8959851239959834
0.88592024853388562
0.84468369299889723
0.82997236581566081
0.88555673870632945
0.88662913354424944
0.88992546982841403
0.85479342853612583
0.81551477564456976
0.78081716363626164
0.0019201375547013386
0.13788495315434199
0.12487547319613491
0.0020815296108656839
0.040975212587859508
0.12617086659724885
0.082632520641562096
0.13958295105655111
0.84280692712968941
0.86352948702685994
0.79812865137052103
0.84421911170121022
0.85942111990474679
0.82036256851745226
0.84780580617857981
0.78959255805814932
0.78021303215839188
0.0015579105873032516
0.0084847727337852875
0.20917418780661118
0.1709471605914904
0.1490454345959856
0.0099178541536850441
0.038879974927792528
0.10490589127337478
0.10644473200894788
0.79880192002432682
0.82386745434737696
0.75021299209224013
0.75069224322134842
0.81092047181288995
0.81642522115881699
0.74618162733687343
0.72923630449457999
0.8539924100099715
0.80923894714466227
0.74843696879040722
0.79735964590611208
0.78661253536247522
0.76381362985157186
0.74442517573236056
0.0016185263000455833
0.0088087011664976771
0.20040297985546679
0.18587631222044229
0.14459349234847368
0.022398479194540896
0.1122290734132034
0.056062740455576153
0.17010606493285571
0.64026977316748945
0.6902405116668664
0.7691085772488786
0.73773836044051233
0.17086814938084646
0.0020212932792292174
0.022238030272368127
0.17218277365894713
0.02161674920776243
0.0019978146365672912
0.047877169199806717
0.010591056009159324
0.0019805494271871865
0.076270702079206221
0.010535486224020224
0.025931669868247985
0.061072325613225599
0.20975452893103064
0.23366314069574598
0.010450845052588358
0.025826781224568232
0.047687393743872618
0.58235745524959914
0.77556325932072967
0.75980289343388263
0.74436825717483646
0.67521687528538588
0.70507184935396794
0.70345327181142969
0.72096300640933164
0.69559678386202362
0.11015259509302519
0.01034855831179521
0.0002740405720649884
0.25915905815563095
0.22555343657426111
0.010232011044761541
0.14902916973089902
0.13639349413949536
0.63699307936672289
0.77281621080724561
0.68166167359238861
0.72349020838648059
0.62076790647947655
0.0050692456252259812
0.18550720904350368
0.20175631728208845
0.041408964104017551
0.041212592404697337
0.0019604747130301066
0.075463756816791405
0.025421307566632502
0.075539851731767638
0.025658699090234691
0.047447920334251652
0.57863738692561384
0.69266570202776878
0.66035860451583195
0.71816802880524788
0.68679341267446359
0.70483687412074658
0.3162241776144159
0.28148012695688246
0.27603191643855368
0.24962390923127609
0.12157847966400043
0.71815969348661857
0.52390634284085491
0.039723891020377086
0.08720885956987047
0.001940828257225246
0.14942287199537652
0.010239210220846453
0.10992298904735194
0.075058032361201524
0.63046860635324975
0.7279968980076349
0.63272482532379282
0.37716747543612755
0.0013558479588642836
0.16648448448050329
0.023883922335005088
0.0019256526240017157
0.047075401910828547
0.10901055191892441
0.19373455432199163
0.66187335319477669
0.52121830785340428
0.46266807057551951
0.72277032891726423
0.60781279352007411
0.34146152056054008
0.0018920449592613772
0.0079699503142995759
0.22441959631414737
0.063913386586975679
0.010144116464647251
0.44064358565573636
0.30593093844573338
0.2454643549690205
0.29744837013596187
0.56987691547961727
0.64623106960106858
0.672256209472337
0.66224532554385895
0.11814765961818285
0.0019789227328233794
0.46490811015611078
0.60005425848262106
0.57246919942916652
0.24232454925194558
0.0019186635295001771
0.14773003957509603
0.10901798982544141
0.025153391607982325
0.07437393952089176
0.53496208368616838
0.40493892427518824
0.59952782218481393
0.50543906914210213
0.665586218529023
0.5166952279847169
0.36757931288612156
0.016237940180113333
0.067739159695299339
0.66089005542493939
0.020774935818009536
0.40647631431174919
0.10813579080848393
0.0019421427357831774
0.29440867384472524
0.0019210661086969246
0.14246295700816539
0.010086482368476066
0.16098293212939574
0.010078480949957195
0.010196755741471396
0.0019390758271337842
0.24170197239200339
0.34734557608468475
0.3492888525831418
0.62296039380596824
0.056183889183493284
0.024893423015462698
0.19004940768811163
0.33239797335908827
0.62591698662180206
0.43059181158962995
0.48398803039781457
0.010144298210158477
0.55920169829952737
0.46095956765746154
0.51094185461827202
0.19310344335947957
0.024609884469082546
0.046588234244813481
0.66721657153131064
0.62544319946275451
0.67420673992405644
0.62663304739905501
0.21233672044241875
0.056510385648568077
0.50378735021744947
0.46958037992441776
0.34100817245678539
0.10168982726810591
0.24876659566810413
0.29621603516073519
0.14760960150356217
0.073540083658809957
0.40437188516343314
0.010356227513014392
0.045645300515679652
0.2386931657047773
0.19184458796328563
0.56308431347710697
0.62469709854982913
0.091884318897655831
0.024700572201021134
0.39339120144785289
0.62070734424152252
0.56655559232895014
0.34456402072596737
0.24037800717287847
0.29311219977870218
0.13957316141727372
0.10433005558999921
0.025232155658123118
0.024771344277146445
0.010163316902833334
0.046085357571144313
0.033993787133783294
0.45785977550862261
0.14631288362633846
0.10706278396384582
0.10571217714151408
0.23086737551937511
0.07024897799675639
0.3542949622989901
0.45859564559684346
0.52112133340238265
0.5837711040814153
0.50913569354764787
0.17909662906730692
0.3418749707311014
0.61541065900964587
0.61611416952498066
0.5633348581304396
0.54919918953042779
0.081676476513756424
0.21781140972223711
0.61495412715096098
0.40121849923529329
0.0455060712597729
0.28870211055713019
0.26719844773677393
0.038781394984026406
0.18915435528015664
0.075511781892476912
0.54639892825881686
0.50887722829240756
0.41138040617944005
0.079171789206975984
0.54819922806552213
0.57464487681726473
0.46988985026663266
0.4290329440592871
0.60337051705229061
0.39736300465468816
0.29098007557289607
0.34162324392476534
0.14345233051890338
0.072756913292618575
0.14525160412941324
0.045742659070863549
0.025044824666048321
0.024898140983475415
0.1128601055049273
0.12358781674619879
0.35520743998806703
0.18713423400990298
0.045301611951158852
0.45346974240551541
0.49961293609192059
0.55549663266163662
0.055904029158548384
0.13923865606570363
0.17955608208728169
0.55789729244988817
0.32259084858108028
0.23666045602932501
0.18584175396572283
0.072310036137633621
0.10526379966215878
0.57279227706805458
0.57511263153061343
0.4512364255687189
0.046474260072179155
0.25345158199374579
0.30158256979989906
0.5020716566946769
0.39676711894652233
0.44440723948924449
0.18479228874338915
0.49587344913817444
0.4736411409064088
0.53055684619019883
0.33838029707638489
0.28572331124159062
0.14317004018331864
0.073134381376618304
0.046298084220991922
0.15301495824083372
0.10604702054519646
0.13862976276507979
0.23404733842023592
0.07210540598486366
0.52577705530931873
0.37861971152836094
0.49955872663330886
0.43961022802243477
0.52609840087375248
0.1619109354678489
0.075598762654156548
0.49334321210397269
0.43200418670003449
0.35269172903251117
0.10436969564561444
0.2818576171390193
0.51588624755059742
0.56687221330980864
0.22837274474137018
0.23150446311645531
0.10419780447039007
0.39432046300489787
0.073854010790157965
0.43786148463216573
0.27611303772099138
0.12973911408047784
0.1418245843529802
0.33300318823003439
0.10505554895658702
0.51228454074979757
0.40234905578533947
0.44948648107959233
0.2310920586377655
0.14116238359428701
0.17647897039964253
0.48094458118921929
0.48936317146388336
0.50238134167369264
0.3786789178495068
0.2790521979912598
0.22827895050103097
0.13237085067909568
0.38618310219483515
0.14159826289034694
0.33093491707154432
0.16417411194806428
0.14567349392292728
0.10742015507498373
0.38055055984962244
0.10651984038726627
0.48711024317970869
0.45451044660957057
0.25347018052974218
0.20469432356716685
0.383178101534286
0.45481506909707431
0.42260862742221961
0.14514463996204349
0.2723152407250693
0.18397864940975786
0.18629914967265854
0.44495722402845533
0.18207351821059567
0.14301237697696423
0.14494089218848469
0.33010868150876377
0.33357753546128566
0.43355187740567225
0.40132267985607034
0.43188047037150595
0.29875982917913596
0.34837311496659268
0.18065604435551222
0.22351244664170261
0.39707866755097576
0.18900933916064738
0.21644489775773526
0.18165407950348636
0.32776693510794541
0.38849482761402832
0.29944591271549881
0.38429757067774756
0.3210011167911434
0.23244237721096694
0.1879629574459378
0.18677088241568901
0.38343376174637805
0.27557180999429248
0.23130590923226263
0.33668494592385251
0.23543258603866787
0.33279784362164444
0.28116914458098352
0.23334634710507199
0.33727260426367384
0.28376051190438906
0.28537555879231635
