0.0062698898066330866
3.8523719918231434e-08
0.0034484885075440996
0.0025222701989438662
0.00021219691888729516
0.0072946006572491978
0.013589180852832278
0.001947346435568422
0.00017288406724617526
0.023036119832663599
0.035570629892140909
0.0032622780620696068
0.0082998922072182058
0.016671290287335598
0.036523281254131318
0.98997666902588977
0.97422296338545422
0.99696011661405881
0.95027439023540727
0.97501615210659232
0.96616287870775686
0.91822841215839213
0.95455265106856468
0.95076639780993866
0.98641115166384519
0.8894076853688101
0.92624377047706408
0.92582291890842017
0.93809599043253911
0.88525610662194076
0.0024667235368252584
0.051530427214874289
0.0087332165086055191
0.054810219195681242
0.016060072958121546
0.087381680207270621
0.023819770960221413
0.066369506963103508
0.0014333694370743393
0.030014479848300805
0.0069200975807129283
0.039080187216140781
0.040007522638191087
0.9739708837876685
0.87736122935873373
0.89389904040788659
0.89408150963438238
0.91931370103948562
0.92204025001178913
0.8462876391158406
0.8904611739950703
0.85436176979301059
0.85539635883529408
0.90087361678816247
0.84860527012642573
0.00020925564975424914
0.0021172610731083098
0.10731580016328728
0.068239911804762063
0.042127301166821306
0.011611885190658854
0.073326914705355808
0.059324321594782806
0.10745951290975869
0.82711636334642402
0.92081519328896466
0.94979236033584447
0.80837445816280029
0.81399947803341977
0.81594823686227858
0.86162135660376171
0.85387937107529011
0.76718715323065867
0.78962846481654569
0.8836059541914828
0.84000776770902663
0.74903151763040632
0.81961917643279292
0.76907730139371433
0.86353119141886481
0.0022116739791035573
0.15710821456014212
0.13602623551688151
0.1124486663116822
0.0091533576050672576
0.017821383234302629
0.071560853985839099
0.10293736391702486
0.089085854851028753
0.011253052315911651
0.023263162371006049
0.16170563615339573
0.21705611474524442
0.18729286442671209
0.023490084229665979
0.06921448976764917
0.044610636357967207
0.72997604514073655
0.75337566791794552
0.78864526497946086
0.8173050792766452
0.8057427165662947
0.77984774006939206
0.79528538697547202
0.76419225367075028
0.7212554513092535
0.69812081738822385
0.71928715580474911
0.6680473051822573
0.82282858511771795
0.75081205366478621
0.76689904109076146
0.75519164960119101
0.72448854113456285
0.0020629136835436535
0.028802859854379088
0.10125374250268214
0.13582299195310452
0.24471233755170829
0.25237372545477865
0.050513746766005771
0.11930840285022612
0.64146596851300708
0.07600781130699949
0.62317630255247736
0.71689565519888343
0.66716701392902045
0.77723263949452992
0.69001189761293691
0.29316418067478517
0.010880875874731907
0.096754769390431872
0.027383898089697729
0.16824030926016198
0.050414702259145468
0.012929615942889924
0.0018083663614621508
0.020309122385529083
0.031511192187408846
0.002472464538767464
0.041874883199223931
0.0098054782465525087
0.0020880783221436782
0.098351114325628444
0.19107878754759111
0.22138627530750954
0.55410332501486803
0.71036294894751539
0.77478124969289874
0.66015864530598201
0.7178243344073143
0.68762369320276406
0.057873975448124088
0.024920065274194627
0.070564946632386855
0.62779797889872357
0.68673600318455941
0.64058150990723117
0.22152190919526316
0.27795838187976757
0.025949633341189823
0.139236862910151
0.076755204473402949
0.0019927514248418558
0.012990876690431122
0.1169248375102457
0.4839414965860373
0.67177164654300681
0.63091761358683751
0.59641932046506008
0.13083503457142495
0.0015089899479763505
0.36045420688916074
0.026982501856578796
0.59707788887992608
0.04986478267971807
0.00099136220764503395
0.1062205824732623
0.010702624727061577
0.047705041026351723
0.031744629232450146
0.72704032985915557
0.62261508155447887
0.72386368078888907
0.68318188507310895
0.58928724287605971
0.41373029407073986
0.71614649627403082
0.54088596295374025
0.31684394872488081
0.43233358653926734
0.17984105621168345
0.28100308870455054
0.23022719294597435
0.67600752748457704
0.010757051728002809
0.0014682403870774814
0.1484436212161141
0.58050165739309145
0.091513550723089906
0.081156109299440338
0.047681670398215054
0.0071483651589745734
0.13182818214678299
0.09290551160374505
0.0006400216038686047
0.021363887850585298
0.078480892010706779
0.026763451557031148
0.058478070568326261
0.50710472872888157
0.5045982512649636
0.54304995827050329
0.57478907023936709
0.0091054250439722567
0.65612824409955028
0.17830688364600344
0.53380388354413488
0.47754938718666262
0.40606811043317731
0.1727026388080049
0.0072510817247710448
0.55002253922074984
0.64717657415994934
0.66908798387455548
0.34721371308217641
0.14843377862206622
0.0011635943189086072
0.01253042563522561
0.07374040226151371
0.0023856953373943995
0.31833177141295288
0.13905673251380182
0.23012523952266253
0.28641209791317218
0.43661226982008333
0.32758054702302508
0.19266718666477212
0.64051468919605714
0.67605837146903225
0.53484801450076491
0.31087884927346338
0.0021936442558877045
0.0018875621509590907
0.11495311834424318
0.010082255291375986
0.04378857158108708
0.13462095342598482
0.050062769583481659
0.1158689958248133
0.59687676105473797
0.4644646692844876
0.56646538122829482
0.024799875374047056
0.1969235796921055
0.002404603086429139
0.019500592991041173
0.45395375406580096
0.50020217381157117
0.16223944534425436
0.59662207081475915
0.61697418678497251
0.36188549161797995
0.15028931599096976
0.57393440587591871
0.43814693049594572
0.52729297357413663
0.17094520330664478
0.012519677870694364
0.096088565334537038
0.25134572871144406
0.030737187214219499
0.0074738795113991705
0.079833605073490355
0.056823238174586219
0.074096887069473941
0.3741718345976105
0.27286097787005059
0.29994849139482976
0.011522925353978792
0.024898062689094738
0.028046253122883506
0.55089420490402807
0.4991066559135266
0.049553762367023475
0.60778333950440366
0.50489053072518786
0.21438393965125568
0.020477779379991134
0.345281242473641
0.39083704437200789
0.20155328104685361
0.15775496456420141
0.56834457289183438
0.62021535992299637
0.60417303839895609
0.46511178994927288
0.27545292083824852
0.2583317915770621
0.42923803458433674
0.038144103167549605
0.52714361745748051
0.18322723254865492
0.23899064187965108
0.040691133401942581
0.047352608541020427
0.15396927040449784
0.090250499347147642
0.54784089854664542
0.066335715625745126
0.052630640819249751
0.35879348606509681
0.046138429213149208
0.58122946468748971
0.26607754641860348
0.39789755734753152
0.5276580161390283
0.20007764627634567
0.1183561409122221
0.33490435197726931
0.030215511594746048
0.15927267043673501
0.076886002497744979
0.50931373182764084
0.40223847275010016
0.55660164795681344
0.29672147427197004
0.49029813325627458
0.54018973373722379
0.42512633458619209
0.62099498035756762
0.56085734413579824
0.15861935538130958
0.19434892589388114
0.074792434461754487
0.17921474437690199
0.20147200697276255
0.31269405701453484
0.24135507282760613
0.11136186071832263
0.20984526219625649
0.080692674951572327
0.58963692002744161
0.35623059558582709
0.3917339328093179
0.091940230246000162
0.30032812816967913
0.36217988518473304
0.50068400137345936
0.47031632679870961
0.45986540830753625
0.25279114885683973
0.053989936967944602
0.10263243667614054
0.079163953426006753
0.19264486840039582
0.13187963360539903
0.098945543387148657
0.06818982552463787
0.13116859751956134
0.41630314336713981
0.49404290788780547
0.48831339059874324
0.34806184843326377
0.22604994659332367
0.5089170219743212
0.49074201567089792
0.48663880891817485
0.28734021348347499
0.45384242217154952
0.2295279025593423
0.40273006167580561
0.23266217477611212
0.11195087994190592
0.10894653810307747
0.22003650423545607
0.15305627491728271
0.12189364959900081
0.084407248332689297
0.42847684821962917
0.43303280547456308
0.41516097630867854
0.34427746795304004
0.32517244570737314
0.14487423933981966
0.23648732393088268
0.39344353447696645
0.38341526403295445
0.45258364645659988
0.45989861936476434
0.41896266725846742
0.17853073814280665
0.37193977145776141
0.27754814024060748
0.31708464608355535
0.4664436583385031
0.25313172614500667
0.28591635497644008
0.1303555893189092
0.1198716547518856
0.1849022840031789
0.36047131485165707
0.11849587203238733
0.4273405009815065
0.37736144105917446
0.16168524514505009
0.19703839710490367
0.35896356214479169
0.42946290262362885
0.18805404667793685
0.22348219657669538
0.4401403481802203
0.33627795318101983
0.46630353815236891
0.25725692943385353
0.31661192407248379
0.27335749702950896
0.15798789681216163
0.15994935882538899
0.38381716663489091
0.38708414432733962
0.20942274015844201
0.26768115440699802
0.3774514824690115
0.34248773377582625
0.36236292904511963
0.31030911112890897
0.30823365440366218
0.22005257452870863
0.26284624341477869
0.19903946546670326
0.31106547773506865
0.30515967579048026
0.2626823703288958
0.25379592278190144
