0.0035570405877009166
0.0014218246539496253
0.021563150432996867
0.002109596230399587
0.011700148315661848
0.051108564364988188
0.0018402351585503371
0.0074421239015197488
0.032946715082651561
0.090130414297797501
0.0080660835388960093
0.011630737833571764
0.021253659455421198
0.13736939783806659
0.066018708867043821
0.0016772147670569728
0.021396384556381126
0.031507120096289358
0.9597407826570139
0.96665871425295913
0.98349060924512099
0.90096489009875058
0.98432383895920084
0.99545081796478219
0.9270334830435607
0.94283973006542532
0.96744157688689636
0.98459905470553333
0.8423120855933296
0.90865237154522116
0.90496160455059682
0.93302316811019048
0.96346643375675545
0.88690268020374374
0.83725782720174158
0.93764749382911583
0.012914351530069852
0.046889375332065587
0.19204124659010546
0.10923904044374748
0.0020137728531813355
0.027465466135835972
0.012068068330194108
0.044681508399804629
0.061706313454830727
0.010276120785297211
0.89604300676925097
0.94520749626183764
0.87594210940120842
0.83514301191687645
0.86845488237859814
0.79291107284229012
0.8682228119751525
0.93044007843233689
0.85182949352853121
0.031331417077439881
0.0024818100002037876
0.21993125495723267
0.16114959582824936
0.0025414511593727083
0.0030869524979725647
0.053260310191159281
0.078522429713368938
0.035660964380541858
0.81908810623035821
0.90635074975008456
0.77928686361121635
0.73618372358049777
0.8142700000511045
0.84490129249549739
0.88595789952950665
0.71874632792758253
0.67487208529886467
0.83719722196214064
0.86655357825520751
0.85093289961928908
0.75761459599703107
0.80592439198665777
0.012380525868829439
0.25303565122228683
0.083675190541752015
0.13072051132143162
0.014402153118447461
0.030049349476299825
0.10259487448056945
0.055009760612725195
0.013528118353336904
0.03306470233596602
0.12166074622938816
0.029643672595566634
0.12205582928177985
0.18599720199631636
0.28437457925662579
0.61077382701797822
0.74093790186342356
0.81180639986739889
0.64734523126749688
0.8032906508262827
0.79818233505932146
0.78842071520423518
0.79945598378786475
0.088052497156587056
0.76583982280763596
0.65414618665666391
0.69548523660348316
0.75784619123510089
0.62805770473100708
0.74978623615632944
0.70750679160213259
0.00070243945938931881
0.086283632177557662
0.13310847764663292
0.0025451555624436146
0.17414276562914116
0.15266217776203653
0.032672020321036555
0.0023304613615351059
0.05795582266528837
0.012534737245392924
0.0028414395339594277
0.059499577295401583
0.031537309145213223
0.015003920118596527
0.58659642300568549
0.70222823712366156
0.70144784033574115
0.76366910568006763
0.31884083016205705
0.2475673367943014
0.0025858711741771467
0.063462669571792057
0.75475853739511001
0.38766855024113062
0.70305144197100433
0.67681072598938197
0.70309726709417797
0.093177594534748234
0.0015529473131019838
0.093190478457826159
0.010716097759209222
0.034141412991851076
0.10830202081714363
0.013535773850382429
0.056865108243987952
0.0025701092756831982
0.15671213771337311
0.032928037722232101
0.74026332231030123
0.35306788692147567
0.23350600662458537
0.21038124327547816
0.51728758685673515
0.59682306314025368
0.58245206025481666
0.4571652484361341
0.66725133198748721
0.67941975643705965
0.63781591697666684
0.73037271914632562
0.090065635456441528
0.608670242455426
0.54509306613097952
0.13714933653597924
0.0074841898482169251
0.12901169639385454
0.022019996131784469
0.058099517189071449
0.029640075427173691
0.0012512955153758023
0.18927527174974673
0.44751066819498753
0.0025463289238203866
0.013447626814459657
0.61983637761623167
0.52296804146006159
0.63689049986693069
0.12870780914786933
0.42432393755864523
0.013364962863713723
0.00190778519081714
0.02598425381770755
0.24784347174045823
0.12884930247712914
0.41104493165307582
0.65200276321036943
0.64436209434891645
0.55796300132113674
0.06018089742484075
0.59398095352735547
0.57342608011669083
0.060723588332964727
0.58265612118365939
0.47829569905754454
0.37844362000811443
0.31136678877153579
0.089630556769063202
0.043984872291511684
0.055057496602793903
0.0025651154388561252
0.0025494857118771308
0.18982168189016435
0.31408499926904127
0.013380423568947874
0.0025757334726366787
0.34475596599461772
0.4968057327850649
0.68806418166014427
0.58337485421220114
0.010169380809687637
0.17111967628584066
0.56798604022174592
0.27383404194156813
0.20690780325068786
0.57863867134265168
0.086932152590122741
0.61987617246928584
0.4558608616151778
0.403137253431465
0.032617926932551819
0.60922880117049594
0.036258462782365969
0.17507536254774841
0.22218817081005698
0.0028466764620435647
0.081487128312931506
0.09045210979006639
0.032721120093346621
0.54298940176784549
0.21157361826884738
0.47042432018015018
0.28105059228917734
0.032689867986471777
0.013444750545951374
0.62192609537177779
0.52704456082104068
0.55277341913875455
0.33991698738518866
0.0025552372512031279
0.38392221951850886
0.1756645085885595
0.014238059142217135
0.64491754478343544
0.53676262276508224
0.095746999855060078
0.26312633144388581
0.48716725346169565
0.060378539505307881
0.53985706623499186
0.094926270500860027
0.059013776576327823
0.1307114330627718
0.12267883326814326
0.51809596941355374
0.53563436190639824
0.29653425089797847
0.15781757559400272
0.22732235597355915
0.013544794578512542
0.48274321275575266
0.4117492612884609
0.43369329685942765
0.41671478943409423
0.059988358147941803
0.28175806969247219
0.29278017198948486
0.032880024795975481
0.48482007382382597
0.34838268327217697
0.060127684726396471
0.093283633538912558
0.060032260976332456
0.22585436247546747
0.063098203113423165
0.095526691681442039
0.14063706232620177
0.34114832584129845
0.50269736179401769
0.5164911398716493
0.095266635726832832
0.28414622323632654
0.47388265358168447
0.49403646155776976
0.57138839884106274
0.4805922385868952
0.3975691937360542
0.36458255995180894
0.38516320902668866
0.18082773331987576
0.13722817666193268
0.033543692788103277
0.25588203346126914
0.42286268796113158
0.23074294761513939
0.095292567831865627
0.060734091067078583
0.096908703039354921
0.1738079563082241
0.44651372487336438
0.1380276028608276
0.16523953497477203
0.37812332789835373
0.13796749472696304
0.45150567985212803
0.31944558156961089
0.35254564293525631
0.13677739194495375
0.24948332565863349
0.47348422421975039
0.30554887979312384
0.1353232219171841
0.094917935463913194
0.18369114523653229
0.095886591251436587
0.13664137566631876
0.51521828734134545
0.35804522601003685
0.31209929709026429
0.47304883863169384
0.43785940421764846
0.29291473507955945
0.41112848370411953
0.13116447606291484
0.19179317940063922
0.39748244969066798
0.13674386027909288
0.18378844030038868
0.31908573194394796
0.18631678666176596
0.3683571435571133
0.20918958402581034
0.26237390341955891
0.18440791849162269
0.23441214431442409
0.23798127606476502
0.41754906361655375
0.35438346168952495
0.4156778111908514
0.18605531616307994
0.35717770603634852
0.29237081881927418
0.23580762366927202
0.18511566012986108
0.2397872785266813
0.29609021030442062
0.35298903142871152
0.41832747882586396
0.35687228597985682
0.23771313907181379
0.23910954140398319
0.29725859208524202
0.29583743526274742
