0.0030344255701522786
0.99167515713250109
0.97078265203188729
0.99563573026554331
0.9424072636266595
0.98213205545291726
0.97912233431729656
0.90365307617974922
0.94006967656724949
0.95943394910655899
0.95501363496019009
0.87962355402844106
0.90365296614010049
0.95777597636670531
0.91726032727250006
0.92884899830148404
0.85783232762518746
0.86069120425252199
0.92341034424098989
0.93038261330229077
0.0010123350886644183
0.003448740727352391
0.0098717255100508484
0.0014910278608054606
0.018643803537988519
0.0037759350220499996
0.0014924824018560329
0.012336252840646692
0.01978243842946845
0.051778549703208963
0.011282609000421343
0.0059467464056709371
0.042894833053813565
0.094259784092404042
0.063641889800698376
0.0023416403816482866
0.02082230137552071
0.03350453978147197
0.032475584838496017
0.14584358744776951
0.10266980628138168
0.0029148072238490037
0.045323739437424536
0.031508599592881069
0.087412310889574713
0.063895901173881581
0.058222160478062654
0.8012959332668711
0.86247341733641436
0.89057501969195485
0.8434838716926083
0.8329244650186356
0.79527318226693755
0.89558485523339781
0.75700024039434144
0.73763417729860348
0.83314615808565751
0.88901317612241249
0.81502228143577171
0.80434697563366375
0.75887205318651096
0.76537602351331901
0.0028064860319072359
0.13871271841789903
0.07258858460733375
0.013873291235299305
0.10131000943726734
0.14640835181054537
0.032571142340518597
0.002506502046306429
0.015368734748555079
0.10884294776952158
0.18992222527314834
0.18526355282785514
0.069831888874415063
0.10240184341868973
0.067675769028606655
0.67027742290807391
0.80341863611800879
0.8522165609304444
0.85247945916888213
0.7579907780792825
0.79580708622008856
0.71284791082053545
0.72695704379091619
0.015962267669615955
0.0030958628905309988
0.038998006618391715
0.016103307758395399
0.0010104656058179593
0.62279003645007291
0.69251475928647743
0.74571420586431747
0.7339313039848796
0.80714764993925248
0.7684456537966915
0.0022338077186752378
0.013756580839738018
0.18431815582158986
0.039332357994797687
0.16077135290342567
0.25715424126526376
0.73934782030653268
0.63296255387392264
0.60013079785999313
0.2400454007972129
0.064314984938378728
0.012334847154578062
0.071572984950269647
0.0030677103883875235
0.038887520100358335
0.0094488769899206786
0.60305254374604877
0.70198963948764015
0.6965529026565751
0.030904576391236185
0.0588637851411535
0.1311134982797772
0.67484579457691907
0.23120691553820036
0.66796809419275394
0.79321590419431243
0.034677962257645516
0.20718441793142364
0.11284941108395279
0.0028584033361644043
0.070920970255040308
0.016232615869227453
0.028454857163097015
0.52909402386674009
0.62760713964893455
0.70005828738238096
0.0016842099602228646
0.371875745017752
0.32587146681782725
0.66020653979279686
0.091185162455598143
0.0099502276995498615
0.14415365948218747
0.55028738418966594
0.64266424517665355
0.0026196728749464343
0.16171982443706043
0.014718082944899111
0.11152299928654417
0.67010537856145047
0.30187546946118921
0.47754354768196938
0.687746235222091
0.0026521030078323032
0.11156192914920801
0.040033636723248493
0.057830434921187356
0.014070997388530817
0.15874262315059737
0.57596383197340906
0.040427340024167972
0.62453469243209125
0.45971517261409212
0.0022473942367837135
0.19755762534177373
0.65511034591828843
0.55728108305696189
0.7252515363160138
0.35302899345695515
0.19595710942073757
0.2829065403489926
0.59723292466873079
0.44635149395607382
0.52216973760515661
0.01262341318304196
0.058120284454868991
0.46691358288951385
0.64626753409839033
0.21757524631541925
0.0028944426063286567
0.2042137118066322
0.035198115669387041
0.016281461886666411
0.39576618049682349
0.27557196282405411
0.0004820497231222535
0.035421923821976668
0.096986627521400054
0.07359751849694629
0.57626913762260978
0.39962059069147243
0.33556037059334948
0.0031588544020231214
0.14331727718112017
0.014889026704204382
0.16033303976479521
0.024607694154561727
0.5864181953144485
0.53512289517961709
0.012849161894551415
0.10242158200110642
0.39708063377048891
0.59748464406631074
0.30336824560873532
0.60693403675423518
0.4760917501157067
0.5522074659943359
0.0084397951786943613
0.065130120430843083
0.16790837712377082
0.21413417271274404
0.11556998904776777
0.10385120995050101
0.60950806479972264
0.53645953327229512
0.60219817779792861
0.21562240956850295
0.094114596788235125
0.2487008745870119
0.40523340536564911
0.031109156491528268
0.25424009779220419
0.55254087299946164
0.027377274362537396
0.26963270654097055
0.036621111665364969
0.33564283295596059
0.030422923344214918
0.43797946764054957
0.5015787567172405
0.36900383840757345
0.065278775964096258
0.21518871331687087
0.14557749389791858
0.66116461291963524
0.42672322113537914
0.52910326178322198
0.10391628577156697
0.20475112802251594
0.15318228821408911
0.034644288647007478
0.26138314341158392
0.3946368738729234
0.50452611117790702
0.62402707751396003
0.057196125483355578
0.055823853194740432
0.063975995223216259
0.31625762110784816
0.56643352416889958
0.33358820649032789
0.36672701164632693
0.50504070484271124
0.19994433970856354
0.052213814204290818
0.0611373422918918
0.32116392292835261
0.49921913005988239
0.42169225265500909
0.38733374341655769
0.26502515696996887
0.26652945351497065
0.09706593372623093
0.19606334141092149
0.14814133793634907
0.56419309092038394
0.46030377667993483
0.13328047006471561
0.089652466642171483
0.45873263293227245
0.37025450384688652
0.31446582625901953
0.059904561547525027
0.45049563613547117
0.31554127998158754
0.32636383618660936
0.076550267227251653
0.095663454361094968
0.50749955423043913
0.093197269800782287
0.28369595840163858
0.18337102560448476
0.4832046627340994
0.53409979233330274
0.25818445507587107
0.14100284968287724
0.25733318825330737
0.50404037022025283
0.18527265710352223
0.32764734752310548
0.4159483101483632
0.13275434727892699
0.13371710834206987
0.089454990704487522
0.41221706815418646
0.43549079462403406
0.31210456858644237
0.38155864568911974
0.11367672343014074
0.24512147474195625
0.2270185584447259
0.43034630388434808
0.3075150688600583
0.48500986633659787
0.48619961259094502
0.45571219373803301
0.37103044081564612
0.14598745224263426
0.17937915306252356
0.24285722272506102
0.33923795540985707
0.1296648829542125
0.35985233447143428
0.42620213640794713
0.29191182931343579
0.35929608495569121
0.36943710061520907
0.16606447088575144
0.18619541315384666
0.43736080669882738
0.23103929114882701
0.38291112664513322
0.29573730787952451
0.19838812548824925
0.23987596688906163
0.29457270550380243
0.24619665214713959
0.31292102528223653
0.27641357988633553
