0.96569457345406839
0.014748648930288141
0.88082167389681343
0.88679310314048276
0.024569890546734047
0.091732334791903208
0.80103496681603603
0.81434774580513458
0.020147681601635822
0.088033660694727206
0.80467018212763641
0.17520746964036493
0.67647639944048077
0.71687646893239931
0.022874899366170043
0.11449681639752386
0.71584781254304897
0.68940033340429352
0.18746349192511574
0.28982582217250408
0.52452459388123207
0.61387982857044843
0.016443614292837635
0.023891200307133362
0.10434842366793005
0.57987320851593083
0.52057770273086812
0.55859205537704737
0.45345672903544915
0.18323885000376583
0.32425389175330804
0.092709572091582759
0.024493845581795275
0.45266635766437724
0.18307920320421564
0.3003461978898756
0.014191065972175542
0.10274969423505226
0.45180109439123683
0.019563494138555831
0.023332275936626377
0.19921603368595825
0.098238180945438264
0.31851770608958963
0.46973298823264581
0.42965110302875881
0.46167812377555051
0.11345605218379869
0.28923529659554398
0.23736566608810189
0.10482666287289209
0.22809230403832464
0.31702598688328043
0.32465513448436822
0.20998442409564821
