0.0059929292903014714
0.0039930186880987205
0.033798481924883994
0.018542769899554907
0.021993169974813615
0.028171693317247514
0.0053015180946843444
0.023296846486207553
0.039324256809061965
0.075734451989280527
0.0053218854709414214
0.027148509971540346
0.029936675138004826
0.069999264216125123
0.052219270512998295
0.98790789873382823
0.96550154407608435
0.96492367826526737
0.95110869178318835
0.94943699700695705
0.95005960836619197
0.92249636977243632
0.90720614419639145
0.92734687848858011
0.9199897130386494
0.87187760885229115
0.90253995928143982
0.90359395434857037
0.90378094887204607
0.86306139463043918
0.89614790058330118
0.81467665650783849
0.86033537411347383
0.87395481958838916
0.87085731982918124
0.84267561050258599
0.80823141433469659
0.8469672998815837
0.8446805342151158
0.85280723382522772
0.13046966140234575
0.0050203404874097626
0.02993417015005052
0.068516689972848724
0.11282929916577726
0.11786376986272123
0.03191641775516222
0.028243228568760707
0.024924538165517311
0.065558043191927901
0.74398351113331362
0.82512085636699817
0.82131120604216601
0.76477426556104522
0.82320626055131807
0.79956556089761466
0.81625182258534623
0.78757731817394938
0.0047112165740976521
0.10896670997722922
0.18479581380164781
0.14039466915014132
0.064794290917187983
0.022147309841513294
0.066864549013803343
0.10930209383402931
0.027479098074014982
0.042869742065232898
0.07216206163665323
0.13836728715583657
0.070974121211004354
0.18968912822391948
0.2294996116634091
0.11461840267646313
0.70093069910652739
0.75429004490066665
0.79283153978148868
0.77754679038890884
0.78126382113209503
0.75729964047161658
0.75523742852258458
0.65961263840333006
0.75171050885153901
0.73813231550229996
0.67610169570116652
0.74670839557703517
0.72756337603999022
0.69883515780311434
0.75145734832066613
0.0051220045215165586
0.72849942505522303
0.078515462750842341
0.023509165374833246
0.12883130549221614
0.0058858495557635787
0.030339133407709332
0.0046152495781444031
0.065148452864101911
0.18483181747079708
0.05989428386850263
0.011892437696973008
0.026555015098093639
0.220314012522839
0.27804467927911786
0.72970638898914275
0.5943860347251062
0.68775673093334933
0.72482857040416726
0.64271031754071484
0.025359439411910781
0.12604721757036585
0.68672739940094663
0.15002811899090343
0.11369978615193231
0.036384761385527861
0.1958308093628443
0.066116834732376048
0.11197764980998491
0.0081043923143938688
0.028309763718642685
0.066969761912798048
0.070620452329781078
0.0035424242044379511
0.071017478458165612
0.037104601041507819
0.067534236065924527
0.65837815742295536
0.68029938150837366
0.24336755936781154
0.0050010083838689214
0.35568166049087396
0.29496197995493745
0.56506355684687459
0.64121983171268593
0.68388942941254294
0.11820031470934383
0.67015227691738644
0.15549743284901271
0.0045318348658081684
0.060938730414980283
0.56119897455571177
0.15755714814209934
0.65965654408613295
0.12388775539146697
0.031748716071996023
0.64554351068322924
0.50863270348202083
0.12441825565985107
0.02597793242884729
0.099403055515266028
0.063260244693467166
0.58985038724260996
0.37995095725701933
0.59604464074820673
0.074562501908419968
0.19094139224362883
0.031566315808369702
0.18538412170012888
0.0050739971190618864
0.32806943393965099
0.23681768221856786
0.27928556067533988
0.64496689905249249
0.46831636247817304
0.60369878482362915
0.65275134692488124
0.65240270452233307
0.44911482470559805
0.5457912644067654
0.21061555341197874
0.12648022577747983
0.026575714198040518
0.11688963775616551
0.024073204787493852
0.48863736847575118
0.6036368085814614
0.49584519531100096
0.0053827573175459949
0.0050557560379164779
0.0049231137316007381
0.37569821808110399
0.059462411279790538
0.13006069077319052
0.082684851722324385
0.27729719044332246
0.32162782310874122
0.0057854959400987062
0.39966552139872946
0.55605229010893309
0.19399046014609259
0.021114986283140728
0.60191556066051466
0.52247636131912312
0.18606396348965001
0.10301271939223285
0.46173112729703858
0.57594497295938019
0.060634336485926421
0.12721268570771616
0.57032109810233167
0.36484917809825745
0.43775094763086353
0.49680037821418871
0.15287470714330842
0.034291874970766925
0.067462601466055441
0.13546076752405403
0.10484770722519909
0.24305087082927451
0.20522191455296362
0.12049770720996875
0.30127041422683232
0.60392940102176029
0.55574918517569205
0.58519087140596859
0.41208643466074246
0.02665883878099894
0.58399639702653494
0.24643708035008469
0.28933852898145418
0.027491921784664614
0.36087316093277716
0.027205665065022699
0.47130967101730858
0.079927484651529643
0.39445590080145809
0.50172499410052751
0.1988440313588177
0.067097883663805397
0.55458187893496536
0.18153514658053022
0.45519293275752531
0.34289566027745905
0.18819711044199305
0.11745047555730645
0.13114439282159157
0.24969066337076237
0.069587004599634475
0.06808101441987989
0.12000083569304563
0.13804295684290502
0.40334391296017341
0.48238340373309302
0.50818891131165078
0.53168336464349686
0.19723136249112888
0.066938013499318577
0.06294732778005957
0.28700304790769876
0.54362407579084082
0.29404081558936762
0.3614866864387743
0.52844960699642107
0.25660592415758959
0.39729673836931162
0.46033383205699097
0.54919720902868352
0.10634396459191325
0.21036490537188257
0.13817712311830058
0.18128763063337616
0.17712993862113777
0.12664877122643847
0.48277797859628646
0.43000657626417721
0.46410295481928676
0.34820576643493806
0.28098276040647807
0.1133085476403112
0.4032380646648141
0.31397941378574085
0.37474229119571018
0.11682521698664906
0.11102541393367596
0.45480705718121783
0.17911829319716735
0.27919655899294993
0.21194553936023777
0.46484293339909405
0.48140187964991993
0.22263189671603834
0.13565229425207442
0.25201866811298118
0.48449618551300377
0.20038246474955787
0.3575056356433855
0.41534415435083871
0.14968302373032588
0.17565811158799513
0.13536180898894659
0.44892789256174037
0.38495783046062065
0.27717482904204926
0.33563941868733083
0.14676571371223313
0.21033491604489152
0.17095275915160046
0.42976503717894576
0.30133686908325757
0.38742774486086351
0.4455109778747664
0.42895325201864742
0.3650240000011522
0.1802496827422565
0.21468343785227839
0.263479425369336
0.18574752064046277
0.27422461840929352
0.33173128396682772
0.38307972139135216
0.22912688970411058
0.37374241546994119
0.32257237852543519
0.18847605605298862
0.21605005276308917
0.26783589263032553
0.3766570029268636
0.22045871106036163
0.20986111232295143
0.34795013006799969
0.28451210521299231
0.3203046903266884
0.32390368778777534
0.26957052503958145
0.27348909715280206
