0.97639013875178171
0.96447133624741377
0.96217270724776749
0.94434857589058019
0.94017278160235129
0.94378574510720703
0.85102979428734693
0.93785047045677827
0.91537080342881449
0.8887354018204654
0.917286001468401
0.85687690522183713
0.92100338056933118
0.0068288451971858476
0.0060325871576300538
0.01921110251232945
0.017839456665888393
0.04712336898057299
0.048079879850867091
0.0097145417791084793
0.027630952964763179
0.0544337991557182
0.0048048731257501536
0.0072922366133015828
0.014864675440246949
0.0081934978606226609
0.91597453563451847
0.87036996522211729
0.91312445309035051
0.71982346729710101
0.85777753219138153
0.86212014172657048
0.093122865531681975
0.08303382534422829
0.0013518694640408458
0.020049429485744501
0.090796240826746422
0.05152783003208275
0.047279600821353768
0.16266630582624741
0.049775858147363558
0.0263591238093497
0.014557424763138316
0.15924451671763457
0.85400182868219721
0.78735250369989784
0.78247512198241986
0.82092945270116346
0.83670421127820349
0.90542114671349549
0.82572204567946716
0.88988107767405966
0.70435876148779553
0.85366932662961181
0.74692573260148087
0.71515864705560683
0.78902908194134835
0.10417536790439061
0.11473360081534728
0.18897749799809749
0.0022606851527901648
0.18861878996497283
0.044267039920100712
0.14637002264855692
0.88622134708635547
0.80726179213956661
0.74272703988259037
0.73765977518717418
0.014255502284097674
0.14440029189030282
0.089456500172424985
0.22073488688407833
0.0086800441232278581
0.47945939409968696
0.010216624571533883
0.89190387976869179
0.69070706156676709
0.71610580135239954
0.73411861823517111
0.20262468572686815
0.046563935753908402
0.10412272351754689
0.033554388270853365
0.83771280833596395
0.56810055899621026
0.27994337506595907
0.017011538756409504
0.13997693671770001
0.0018969851541499301
0.020268546188106806
0.66242050928079277
0.6847317407688065
0.53873684514155096
0.6946345248168484
0.21426605265614218
0.028644554376205118
0.12284076255915646
0.69375562111560796
0.24511907331878641
0.0070342722745069131
0.12324417175244123
0.029076297138721195
0.063839973687495805
0.64345817281591322
0.33280565801468787
0.001199158130964838
0.57485335407310012
0.11820569735109435
0.65225626153677951
0.0011611701190136336
0.71061482745554461
0.1415125903790736
0.22156547979700181
0.0019894619113537022
0.091103517517806501
0.029474580577113919
0.04740737542712059
0.57080553963021063
0.37823782802553518
0.66453748494708076
0.028468157758263793
0.37877760672800065
0.0013673350855420265
0.18395823059803912
0.0057977889081005322
0.77598298645032171
0.32671566953500181
0.63748564523420126
0.28215338241759524
0.74312986837659478
0.0060754622056150825
0.39655979613972303
0.48435812856364968
0.76364580285290051
0.048141188655418859
0.4689712341944412
0.015997030422157832
0.020189481785755449
0.06649767592600285
0.015488736600260067
0.034512517583413768
0.034185124909514718
0.062752379717956136
0.25389232553234775
0.6274096457772087
0.6717594477350799
0.31873881205617949
0.0069386852164527828
0.0061363798623532695
0.21641813439954419
0.34008727335849753
0.40295776184211041
0.0012147768157942437
0.11308483555391853
0.063850075820897204
0.4575363319737652
0.12215845856542343
0.58920269087274757
0.55489616599706681
0.049932443215048687
0.65158480525201501
0.006371323828078531
0.068480639075600744
0.040200351025960597
0.25990847983852272
0.028559681307045219
0.44394600892295788
0.044665851718556512
0.49333118743436666
0.38314875608305732
0.50973687415829771
0.33543480323498065
0.016599549173931465
0.028936133055581681
0.65849754229544555
0.56528526860166139
0.52809365688787324
0.340739194799491
0.10338739351441978
0.59453580016992313
0.29754378663675518
0.0073151745510559741
0.15913918178346614
0.034300018458044805
0.63554630905867904
0.10384780665705846
0.14950266109682098
0.0012376691599067914
0.045635160486765074
0.51279550384187622
0.51699230497517923
0.62451948263087798
0.52226944139154019
0.25842737330813215
0.08604295853730104
0.28176234583618148
0.067913421284277881
0.32848845837959378
0.10027999362612119
0.52009030673318357
0.015466213425875794
0.57093207381237332
0.0012943252806767425
0.78430306008536133
0.20945043511457839
0.084378320988508199
0.45217356694466787
0.54796446435315582
0.2250296782751656
0.29025928297241332
0.4761034085927951
0.52019434552996646
0.11640034050632243
0.0062115387903761707
0.47970459942028731
0.13189579224269155
0.31472577097447124
0.08120255770960913
0.42860788013312118
0.043891284765360979
0.40109951889816675
0.3628736652160886
0.55124816797297083
0.16740477665692066
0.47668544398206536
0.11671316203371317
0.1805015351503752
0.012884945835252279
0.38767979822942444
0.48511725277815726
0.39191182060188801
0.46014955727079376
0.47647356475031633
0.41484470772181314
0.01580962539037974
0.15116414102003123
0.33690835452919371
0.0061536022692634598
0.16280863241765103
0.63491532882658319
0.27906015510591331
0.65947663598529171
0.18470036360518718
0.26375923226667136
0.39037070290235071
0.35055335082934225
0.21706989026807388
0.26395438076841793
0.27036141954710163
0.35901041635117747
0.60177252242124024
0.30790251238872868
0.15112872422176127
0.0080935394148968498
0.0049581920298486922
0.030850423997318761
0.0033814775284721449
0.031974849034218683
0.05235679982544076
0.002232943070282037
0.024449844622062605
0.03877144796905603
0.071703563132877624
0.053881625742211427
0.0086061020634038421
0.075090419551917836
0.94491141862262285
0.96531362912059882
0.97215761569857162
0.92430411666352463
0.94007071702634593
0.94896986015168006
0.91832959673611492
0.93592258031936137
0.93477117633473805
0.90169566744421958
0.77440102580805636
0.88565562761182282
0.83106071482130639
0.030648892250587013
0.103370649692042
0.0030285155540136542
0.018330635796983297
0.082523314039627871
0.035561946207753721
0.90086896457048105
0.86841407405823645
0.77961549706819278
0.96066428932370895
0.77240107453850126
0.84763803072823385
0.87984617867044901
0.82827169068281448
0.73349078922986966
0.8093803702251865
0.95926022602823569
0.81568172879974266
0.1324799887667405
0.15221937824606885
0.0065118199824689129
0.063095724939955647
0.012139820524571705
0.073987176672054844
0.037115270545063667
0.0059496898179849369
0.13254045605095671
0.10331912574076671
0.025019027395957828
0.15854817074883687
0.051822542358048174
0.84918979138191675
0.80605447133433683
0.57289361372228942
0.86996806679383853
0.78089578446790764
0.90640325390811127
0.80506590831525582
0.013733404280637677
0.15878211746807708
0.046750226020837976
0.20291296026867822
0.7212844874621529
0.66108698489413398
0.73244752044851447
0.77129907070135284
0.016725602383074252
0.0012580384252741566
0.046217753053197995
0.022354311191146607
0.22304504863589025
0.26747630435155445
0.10311419871802835
0.65285175358304803
0.68160168941381383
0.68875837421488562
0.93418157734776208
0.12740741058569097
0.0062155369777804892
0.62971250404371992
0.67349554880304885
0.016129380289750431
0.089688419424147903
0.052225066104172199
0.13466064882508638
0.19705283567232307
0.027758547532308341
0.074074181861835356
0.71806638950355461
0.7041325865969289
0.70602136493785683
0.30133227757322534
0.72494482265027183
0.17734673921236999
0.001911656767685247
0.0060446892225869808
0.036392225036806766
0.10388447384971866
0.66324135440148013
0.65380442629489877
0.12067982433538493
0.85726636747738483
0.0076494247622108831
0.38385466621145126
0.0081935587845654943
0.50342466899883365
0.0011008223402531536
0.11903102867862685
0.0064109479036662913
0.12143898700717309
0.0076791072493752124
0.42100831359655932
0.62008930998455214
0.021459309378725512
0.50592615898620341
0.0015158613851499398
0.69757182220591252
0.01755712454046849
0.31991143133302097
0.19250771097989305
0.66005500031531428
0.35650401862095571
0.65562871514171883
0.0084350421994468135
0.61218111564518263
0.57883896216628117
0.48266424394031521
0.13893790796794722
0.62083202078274091
0.016982180692148196
0.53107049123232675
0.012948274081985716
0.026238392540526262
0.38524490762371211
0.15288188223221252
0.070113845949220932
0.064581783531463682
0.74299434868617242
0.35604931403966739
0.25693358710932263
0.63543435688144023
0.33950484447316576
0.39093627604078479
0.0066826730761496665
0.0054041572970804008
0.016867254458054447
0.73939504563022096
0.046753795820932434
0.19955660745912374
0.53808047733676523
0.63601515527565677
0.26339279923894376
0.41623558337151878
0.27211042776949468
0.04519918196063609
0.066228722097155718
0.0080265525768912233
0.097027370560130749
0.0016587670613314692
0.27700340806123058
0.032114395898776169
0.53566501608895711
0.49966953138308756
0.56865974792383889
0.04695997104677823
0.030947652516704137
0.18065326312694985
0.33941538178771252
0.29753799593011104
0.3364631168738903
0.12031421228028923
0.59874446863575648
0.5151966777003788
0.28979372264097825
0.58186667499401357
0.69021507487037748
0.074358576949887498
0.019025960625854835
0.24603450095765855
0.027929892793519828
0.11881592107173061
0.60661328546897231
0.39697537426916091
0.4859008078057433
0.43188517734251003
0.028320609782534298
0.067310929417304627
0.1411421131754351
0.10900129271337264
0.0580832209479578
0.33820357502532439
0.055696981179215579
0.3827354813910675
0.38315721303733974
0.48776574001477235
0.014880468224529965
0.55852638808784605
0.19902915315368674
0.16195780568906962
0.21519093136560891
0.48667854834290541
0.43520337587438307
0.5319682265942014
0.53982759726461849
0.0067170198779546667
0.26303037947327262
0.11396929119662513
0.4747209698857473
0.15238509677150236
0.39390238381864973
0.13636097874793024
0.26571069489487131
0.050598555913530741
0.57526099920964824
0.031081766149082292
0.53059320073768923
0.44692584116106804
0.44703201011981386
0.089915695562674036
0.07462434495191933
0.12915188785623402
0.20665620754649858
0.54056379944286448
0.31390351317462195
0.10672046279941927
0.29369060111997058
0.35366948902711581
0.40018179844663837
0.25117290301164918
0.28020827406355353
0.10064136041931263
0.25896358116926271
0.53513639084745002
0.21167119908996748
0.38971035156834122
0.31460705377563947
0.19737668291569099
0.48060350852675443
0.26574795638497883
0.19839791778677843
0.3566273469181902
0.22026730016256593
0.26950859611903522
0.43176660112276943
0.049218900841317359
0.23288043547209297
0.05116604277584938
0.00018054917688140035
0.0004789687680580427
0.0002684912541920443
0.00084967478752642994
0.00086232709934909153
0.0006431556175180088
0.0012247649157965126
0.0015697841149812345
0.0016852132582165107
0.00074595618401641808
0.0023959149917160191
0.0022027144975355047
0.0023025919567992471
0.00017575871898713879
0.00054091388265528509
0.00041030832335250587
0.00083354330246034124
0.0011241169638636999
0.00067083412678344597
0.00073310041429097575
0.0016077885958874051
0.0017934653401326483
0.00070669847638699036
0.0011335161769115232
0.0020615901808017706
0.0023521485325372462
0.0017297088452494652
0.00095354003894469687
0.00046915830262720206
0.0025036092863717271
0.0026908636849436274
0.0029704151706188408
0.0011082520825268158
0.00054133667061550975
0.0012724652126514116
0.001614209631845174
0.0031145293782773526
0.0027384509283613001
0.0020312328346582397
0.0011478270677528035
0.0031441476873964994
0.0014463528599562995
0.0028589881618439695
0.0042075225635606599
0.0026177835765288033
0.0013956286319954457
0.001586777963121178
0.0027721158116323407
0.0035092958735568683
0.0041883332727719515
0.0022397224651241657
0.00093680255077282875
0.0028454386418377275
0.001400925069901308
0.0031209708708435785
0.0032786459992510957
0.0042305437148444178
0.0040060830260942818
0.0030054807415476914
0.0013059898164804189
0.00049490734875831893
0.0044947618546027218
0.0036013973079923522
0.0039118271930408816
0.0031370338182919433
0.0049294382663782202
0.0029227663137468742
0.0048549492304212349
0.0030350959122924597
0.0039500885797203239
0.0019750034574690179
0.0044501241824642648
5.9206402321885024e-05
0.00038560105174254732
0.000472638651755598
0.004214058311748565
0.0037390890156579551
0.0014984517862215484
0.0038075532067571929
0.0030739200765587489
0.0052059163518528209
0.0044911407094668041
0.0010502286170221051
0.0061440730896447681
0.0016909048215394717
0.0036301471058106747
0.0020424540091655129
0.00066204127308020161
0.00059236396909731286
0.00091290724707739047
0.0016527393164598465
0.006307488106157051
0.0053974841081488199
0.0034539054057462042
0.0047612843737377189
0.0043643442894828162
0.00597745374207132
0.0023759260935019158
0.0035086801378570436
0.00084055293365776769
0.0010411686539406021
0.0013611022989998332
0.0014165248190107413
0.0036677658930490266
0.0017274347442780026
0.0034109083972884259
0.0054572717326203477
0.0053740629655532508
0.0018867407440638019
0.0015902886091276555
0.0062053910463116691
0.007560662795723031
0.0010226605668985055
0.0012160873984778775
0.0020076804967364792
0.0019855930602768078
0.0026615821411317461
0.001645713627472539
0.0015956721331283389
0.003613388075170542
0.0038654889546568612
0.00054856375063164567
0.00057983602474030651
0.0024872364783807902
0.00094071906864921448
0.0053294389911216098
0.0074491138475632664
0.0038213361212800384
0.0035965060750061994
0.0029777825484960498
0.0026368911648955908
0.0017164076387173146
0.0037781579081178052
0.0046013254067312458
0.0054199247514474212
0.0032682367431977285
0.0031719935876541941
0.0013122974564126722
0.0025244266435141176
0.002706316698866834
0.0028899171651107121
0.0031533319505807778
0.0031547970105073649
0.0059801345854139376
0.0053004596468501268
0.006197632828656134
0.0050911834639767702
0.0019148000963985471
0.0015629690590834139
0.0019571921046330335
0.0014457604414040539
0.004183683927061024
0.0044631492853180509
0.0023806542438024212
0.0031714535174196005
0.0037274846973321387
0.0055945373688445002
0.004489843423349028
0.0056696584586745386
0.0041795546707452929
0.0046811112906536027
0.0039373971642337278
0.0039846789052419146
0.0039558305964030108
0.0035984497679925941
0.0033548609627202784
0.006576936611813005
0.0062108643287313399
0.0052300570437399515
0.0059875619221690657
0.004199498031179992
0.0016589870628399882
0.0039292032702201943
0.0039858104277358869
0.0072892968284590407
0.0065030661282171852
0.0054545231525662263
0.0074189060810397958
0.0073428692314148067
0.0059802790633720036
0.0068455499224581986
0.0082703355525098159
0.0041717009200141937
0.0033532410243651408
0.0067879554485043847
0.0049517162058857738
0.0055386431690412812
0.0047816182577203239
0.0074218126488034232
0.0037213146374397068
0.0055201971909693984
0.003877543573419569
0.0070274740929666809
0.0052773208769131908
0.0027118205873097349
0.0041709167548781845
0.0060636636060264378
0.0052087629100443806
0.0055752978554020243
0.007236877573233198
0.0063890672687441667
0.0064993508980986173
0.0056960270694540755
0.0077693975950819194
0.006221126951822491
0.0047723620619824223
0.0081160703859327298
0.0088501595135407132
0.0092334892424962584
0.0082843634304397458
0.0072930090582820671
0.009571022460980138
0.0069789687500421051
0.0066833766278872123
0.0054567648457147407
0.006720444917061889
0.0061377332618449921
0.0074979607282053169
0.0075372105232660528
0.0049219625844550254
0.0058752110910581037
0.0068929445653818817
0.0076683875015703907
0.0045548690911406189
0.0052405801102714507
0.0075123639830586685
0.0078011907695955968
0.0041341973288383403
0.0068597897111097369
0.0077508215472856454
0.0047037643323303464
0.0092162894503090877
0.0087600211436608347
0.0060821185185666489
0.004101173703355423
0.0065513064817280817
0.0053111435374134999
0.0071961367637635339
0.0061024161279892141
0.0058927012120763272
0.0088716775411533944
0.007599326049468105
0.0071242383950474901
0.0058064091832997133
0.0083369179095935091
0.0071017238910859037
0.0079544874173339553
0.0070654284482111369
0.0057434210807486416
0.0066746596273773925
0.0063883782661935881
0.0069862747174471215
0.0074209278666158901
