5.598746527989336813e-29
-3.681022614647578434e-29
8.615589720422815934e-32
-1.187424618878016765e-29
1.972241814701515316e-30
-2.295362953548354831e-29
3.637715264870408327e-29
-1.971060471169443565e-02
-7.197692920332528395e-03
-4.855194077416355621e-03
3.665745160336573993e-02
1.255037282959955459e-02
1.853744183714889013e-02
4.846696301942473792e-03
2.507280275621311463e-02
2.527771226962858414e-02
-1.498313541510647336e-02
-1.268261005785749525e-02
-6.792396169166499409e-03
-1.241180753811022691e-02
-1.547552654662891734e-02
1.715471298810516271e-02
-1.158056913327808017e-02
6.995747679414104914e-03
3.209054014504733165e-03
5.016112122384267305e-03
7.752386114076192936e-03
2.876490547314301295e-03
