4.862120626219028074e-01
1.912501005171562635e-17
-2.409229981683845944e-17
-2.005104751699991195e-01
2.793159305008606122e-18
-1.793420210723606634e-01
6.945886608884324631e-02
-1.311194011744265377e-18
-1.553147462147084767e-01
5.477489808799488158e-18
2.270769094602132155e-17
1.364111494400693791e-02
-7.345141019906212265e-02
-2.486610735257077220e-03
-6.715332403692819696e-02
-4.509496155384647154e-02
1.263720461491701086e-01
-1.991311974537878643e-02
-8.397897326808832774e-02
-9.570402211130989850e-03
-2.965488149422089437e-02
8.646282577438527475e-03
2.062667609395580498e-02
-5.301398848880866342e-03
-2.572802294236384638e-02
-7.937977276562632745e-02
1.028123318665573674e-02
-3.049770740761840668e-02
5.798004914833281703e-02
-4.634339986427335467e-02
1.239679893296442570e-01
-8.179921433356722449e-02
5.145342833182581233e-02
-3.473835944481037941e-02
9.741342198794510424e-03
-1.662273542167119495e-03
2.933909759295991182e-02
2.811887372751104355e-02
-2.433115433637411673e-02
3.135432057170434855e-02
-9.124790130687876477e-02
-1.418265005153197811e-02
-4.946877073590413842e-02
-2.394627825835334879e-03
-3.130059492882162481e-02
3.071098109145733654e-02
-5.015714759460994203e-03
2.469294969104334977e-02
1.193961745701747424e-03
4.790161845081504152e-03
1.609894907179786408e-02
4.849647960947997723e-03
1.227583809236338155e-02
1.380205833305716764e-02
-1.462913472947281399e-02
6.530753819683017547e-02
-3.339254413501827057e-02
4.651557754689662934e-03
1.893478582156935333e-02
-3.710229976155235421e-02
-7.819977119401322688e-03
-1.129335970069881775e-02
-3.108003318639693952e-02
-1.739467834055690582e-02
5.526705633896904397e-03
-2.276715717142468141e-03
