8.567957291042890278e-01
-1.248124489728248965e-01
-8.643738095417284519e-04
-1.277157168767668327e-01
1.976152038451953977e-03
-1.366408376278997749e-01
1.266140358866338633e-01
6.160982247623101454e-04
-7.244029388147678328e-02
9.411055835003767286e-04
-1.710091447808198550e-01
-1.172887045332396535e-03
-4.556549089200742642e-02
-5.466000689804021784e-04
-1.365663098813750531e-01
7.204803893614544763e-02
3.226603777400939284e-04
-7.906782260698683173e-02
-1.267384804077467241e-03
-1.246674141954495496e-01
-3.106386127124011767e-18
-7.766367253374871892e-19
1.616261880637957435e-03
3.790212565921161547e-04
-2.546452050583588363e-03
1.125960262206498336e-03
3.744153748402752595e-04
2.380788047491727566e-03
-8.167581067737657210e-04
3.581294617703742380e-03
-1.154071277847386161e-03
1.203272703643197333e-03
-1.889215911808374325e-03
-5.262514136849278257e-04
1.823545528652027953e-03
1.418566398699871740e-03
2.579013630437818495e-03
2.559691195018680247e-04
-7.821670614060910486e-05
1.349529637418252540e-04
-1.255715872873488029e-03
2.716134303907568096e-04
8.137465752347124680e-04
-1.423394132197148003e-04
-2.050531878005267851e-03
-7.605780270612272093e-04
-2.011796889615259220e-03
2.897252937563605645e-03
3.916361232578840991e-04
-9.681756267923653445e-04
1.851917549294126259e-03
1.039702958776931967e-03
2.240849608103800440e-03
1.561379456832559466e-04
4.990508039980768966e-04
9.103647579446803124e-04
5.406655567476797118e-04
3.226197015954746514e-04
-4.671116006192729928e-04
-1.749313815464911912e-03
4.680678792897614068e-04
4.316259017315453783e-04
1.245273162749432937e-03
-1.948661909991615667e-03
9.499673410043509708e-04
-1.568380390133878189e-03
3.814971234946873597e-05
-1.899160365633030577e-03
-1.711635298818165070e-03
-7.691864237869704048e-05
-3.355127154760781730e-04
-2.257519957007386030e-04
1.088176894677607117e-03
1.607192845962632970e-03
-3.160423441017719184e-04
5.834882320808683657e-04
1.424148107650548062e-04
-4.789909597809488724e-03
4.000742771681667191e-03
-4.110567646011822028e-03
-3.325121081875360551e-04
1.014077504138982027e-03
2.803796205657986627e-03
-1.197132747443401066e-03
5.351432519179360244e-04
-1.126582089547475442e-03
1.734229348466278511e-03
-7.477166883367302201e-04
5.046564669816703478e-05
1.339290320007025361e-03
3.654066445861859453e-04
-3.034094522624003628e-04
6.809815954900715236e-04
-1.272302323841615528e-03
-1.737308209709666641e-03
-1.052831762677617407e-03
-5.312192404611992217e-04
1.140544817208405826e-03
1.878280605837273111e-03
3.219236396802699091e-04
1.664235540641034565e-03
4.014658056047382389e-04
1.498720149195516011e-03
-1.028805335873121240e-03
-1.556267775967977657e-03
1.051348373332604540e-03
5.766099330976979121e-04
6.154571418769022887e-04
-2.202278880520807693e-04
-1.378402914129114778e-03
-1.325304443056342070e-03
1.828776182500615370e-03
6.595119289115314570e-04
8.256416093064717645e-05
6.583030342747847813e-04
-9.208122953461886600e-05
4.178070265656945968e-04
-7.764922620760131722e-05
2.042364150857865334e-03
-8.784429682759898814e-04
1.648863591260090345e-03
-4.628512821761450978e-04
-6.191506854444735935e-05
-2.877877446713656990e-03
2.014704515622684280e-03
-1.503506727246354223e-03
8.372276214346032787e-04
-3.136043747586042367e-04
-2.100641141431742282e-04
5.259628796741621162e-04
6.793379697713131842e-05
9.246770047621711772e-05
1.723328413976658608e-03
-2.701372346864832925e-04
9.025497841585464675e-04
2.729858566634282401e-04
1.534119213307958774e-03
-7.311408597404681856e-04
-5.388458351882155842e-03
-1.991585476584650793e-03
1.589775302763122167e-03
9.682940308366227208e-04
-1.232014060905615212e-03
-1.031786761452529533e-03
5.822806917607870145e-04
1.921229644279036581e-03
3.520762499477122619e-04
-2.462886534329764097e-03
3.762686738334175812e-03
1.057160021543391822e-04
-4.648816227782840175e-04
-8.632546207459694228e-04
-1.050712451513549292e-03
-1.559358023382358387e-03
-2.195114122926238379e-03
1.280298751790113370e-04
3.947057737361373583e-04
5.097441209247586136e-04
3.724605763028608152e-04
-2.181149658024395237e-03
-2.135259400817515383e-04
3.924010550570159253e-03
-2.014819879359207246e-04
-2.292676820926548313e-04
-3.060578523222267809e-04
2.928897540349516618e-03
6.313702492753408418e-04
-2.487625275309373642e-04
4.538311672225527798e-04
-9.328950270745926679e-04
-2.485416306002905147e-03
1.112353802881789651e-03
8.193423224551104949e-04
-9.268416224435775544e-04
-2.220175398856577120e-03
-7.362735280799690384e-04
-2.996338298338119700e-03
-2.955789833126486969e-03
1.455193116460480173e-03
-7.677884195177901239e-04
-1.122996443306313336e-04
2.250233356553910449e-03
1.524543101623617239e-04
-3.241380328737643313e-04
-4.740434466705526514e-04
-8.386363564191067106e-04
2.192295463175381216e-03
2.730594098858190547e-03
1.414135817927061976e-04
-1.587999455302092130e-03
3.526735735281032809e-04
-3.164752925703335877e-03
-1.312761731409179062e-03
5.680532599521648327e-04
2.169242000397739829e-04
-9.500603889395203144e-04
-2.267073573584195856e-03
-1.354687532662247028e-03
-3.801017008462242476e-03
-9.891164739876706809e-04
-4.829650148518028173e-03
-1.580059694391129643e-03
1.451714579309462921e-04
1.228414235122055661e-03
1.090441552093692965e-03
-9.276405897811945602e-04
-3.652233302259657362e-04
9.709432789729705287e-04
9.071569975247712261e-04
-1.416274202575510104e-03
3.111872127211548597e-04
-8.548094398577495015e-04
-6.931892600996992452e-04
-5.705568443077950686e-04
-1.059227619206489076e-03
3.140004452591156018e-03
1.937446773507686074e-04
-5.793794085834325872e-04
-3.962528113187644633e-05
-5.182862292737503936e-05
-7.983060432144399848e-04
-8.243747706391804046e-04
-2.170614063081500490e-04
-4.033821003473827063e-03
-1.888971082803849475e-04
1.797320440045907085e-03
-1.550356883914468442e-03
4.509823528319480655e-04
1.391046945123669163e-04
-1.998732452283692295e-03
1.101254225026791767e-03
2.535930276729236790e-03
9.547382697764978320e-05
-1.013578896355897280e-03
6.830799028295047974e-04
-1.437179877789751710e-03
1.426580722911363359e-04
1.070706671426535726e-03
-9.380567649041392057e-04
4.593844841918149160e-04
3.009658208838942141e-04
-2.224579093668304849e-03
1.657234980884337563e-03
-2.824352260940082501e-03
2.428637188381380357e-03
2.688324071430729894e-04
-5.574020634057475854e-04
-1.463390853377379789e-03
1.840936351315677769e-03
-2.459957032512458466e-03
-5.598652142135168187e-04
-9.189337066668960396e-04
3.196044377454051403e-03
