1.433335825173510214e+00
1.132541236908351096e-01
-2.127637011000810610e-02
-6.142156329802833659e-01
-6.514531293515421657e-03
-5.028472845678271241e-01
1.380266283564648977e-01
7.522332791910744075e-03
-4.877074163448928412e-01
1.149055314052650593e-02
2.984508210578950063e-02
-1.682044747208828392e-03
-4.671494266782556110e-02
1.027746316851638024e-02
-7.636002019497517557e-19
1.235905773338749625e-17
4.442848107748862546e-02
-1.827908672957227407e-02
6.700171463732847166e-02
-4.093823973098562052e-02
-2.052569242370544389e-02
-2.868062404668043908e-02
-4.666583728473058107e-03
-1.831528200981168836e-02
9.074174050842291270e-03
1.668112011592635252e-02
-2.620209334821642713e-03
-1.260847289906723290e-02
-2.834988999563209724e-02
2.717778931857025432e-02
-8.587680683021526803e-03
2.198060584482599417e-02
-1.085499276015107831e-02
-9.175932271942731713e-03
-5.358153483165353087e-02
-1.412126427531227961e-02
3.452911816377884219e-02
5.304514095119840233e-02
-1.512326707534944817e-02
8.812035923631306167e-03
9.885379693311852067e-03
1.349468678812613086e-02
4.748712967221883213e-02
-9.391087802039862695e-03
-2.636900782964812090e-02
4.932850679879717537e-02
3.549024007914455131e-02
-4.684907537488558482e-02
2.249956677238958928e-03
-3.045689337322598968e-03
6.035658756747575363e-03
-2.541698697549111055e-02
1.235873091671337368e-03
3.252993308596228289e-02
-1.487184514921877435e-02
-2.847017395260066294e-02
8.504135842651779076e-02
8.567610397945420566e-04
2.967356866340764912e-02
-1.645104623874377170e-02
1.868891387186260786e-02
4.919858313808981448e-03
-7.091680144180677325e-03
1.614621521444803767e-02
1.210289924321621656e-02
8.379376557523483121e-03
-2.145485173691389323e-03
-2.313369937243872285e-02
-7.358586900486397547e-03
1.544927315247200846e-02
1.335916566989771986e-02
1.366233228530501151e-02
-1.033506038859176301e-02
4.368787705424659502e-03
1.573577845560992713e-02
-1.649957216232448426e-02
5.502995986661579587e-04
3.565292385458448954e-02
2.206559185428041275e-03
-9.587648660866433456e-03
8.632671914420301379e-03
2.060458739298529074e-02
-5.858147298622038736e-03
-1.776722303976868353e-02
-2.893605066456485589e-02
4.224382349867588510e-02
-1.192030832540733748e-02
4.805947436224957542e-02
-1.079905622192975714e-02
-2.140270707421597016e-02
-3.946048943885696603e-02
2.907222112797140656e-02
-4.572700128283805482e-02
-1.076717575454398668e-02
5.026918162715336008e-02
-2.772189962007136008e-02
-1.236246377743410556e-02
2.643847402568658481e-02
1.629002614754450698e-02
2.833334454742191325e-02
-2.017251614983579799e-02
2.756984128769085496e-02
-1.856273072091404672e-02
3.458770525155489828e-02
5.302405175142379384e-03
5.828454839174285196e-02
-5.467575782266827916e-02
1.631474853295799068e-02
-1.797186443469627262e-02
-4.216367935018081742e-02
2.294899465704765273e-02
9.507116154855574028e-03
4.580690314682553561e-03
-5.960435018540993779e-02
-4.154258625122329851e-03
-2.253941439070508701e-02
3.474357733590092284e-02
-6.823599077362923863e-04
-1.821692488145737129e-02
-4.080601212184488402e-02
8.178945897970638784e-03
9.742039016860673528e-03
-4.036465410661831121e-02
8.193825628708496572e-04
1.573763645893820357e-03
1.479060620105472970e-02
-2.636790968557846306e-04
-1.692690778212871741e-02
3.430891926063354969e-02
-1.315701844686954607e-02
3.842701061555719999e-02
5.077867364058784652e-03
1.232097188133776493e-02
3.083314612476752668e-03
1.841084220155254914e-02
-3.653973894159311814e-02
