9.592546617791956054e-01
3.541560340083105794e-03
9.847025788789421918e-01
9.616324209781474952e-01
9.214658444587380259e-01
9.307559070661020062e-01
1.373425026661976092e-02
2.341734137570788618e-02
6.682217639961994700e-03
5.616847948507247557e-02
6.525814501959559255e-02
9.249605525455837363e-01
8.729418911835737926e-01
4.808600938607375530e-03
3.304118039584537370e-02
9.577750490316959686e-01
8.706009181953289211e-01
8.802191524458621852e-02
8.227957140368332700e-01
1.101311299167669899e-01
9.375666974773082529e-01
7.479193603960474501e-01
1.539639149752977665e-02
2.911995125478602717e-02
6.589377358700573839e-02
8.975627490046946821e-01
8.179776082106402502e-01
1.288611743081017891e-01
7.652696145192248167e-01
1.673778749486919681e-01
7.398661810931774774e-01
6.483748858483944222e-01
7.593677601081501027e-01
9.982622166328568997e-03
5.955428350109345792e-02
8.518993777494437980e-02
7.459921177012034388e-01
2.508162299817133234e-01
7.401202973630132131e-01
2.125648067898151805e-01
7.101060433305164121e-01
2.731152367228195099e-01
6.500911037456595931e-01
2.437569232398779581e-02
8.262039790340212075e-01
6.641803974273619016e-01
3.128391600146938900e-02
1.233593499593648446e-01
6.212780359642360306e-01
7.818787610533190630e-03
6.988055240255383049e-01
1.638878730767307501e-01
3.276805819772911355e-02
1.793419511030967112e-02
6.681090112093664990e-01
2.267668892002630276e-01
3.538178980112434147e-01
5.860326109572484565e-01
3.768247392024223590e-03
6.518730191896098258e-01
2.873313517056785837e-01
4.527709721243118879e-01
5.897799533794736426e-01
5.375975685887168787e-02
2.233021634091887642e-02
1.538997337794236753e-01
6.696864840177060296e-01
1.033615141468400001e-01
5.058346068841104715e-02
5.460084807162104426e-01
8.870623528999199703e-01
1.606725177567960294e-01
2.150224375562147239e-01
4.530588068253784025e-03
5.755244059155686376e-01
4.243319669624484591e-01
2.184924438194469493e-02
5.218172782149609057e-03
2.439308181479399318e-02
3.761283731757349980e-01
5.893704104698045398e-01
2.358906779844211210e-01
4.954372654448194746e-01
2.623321246037697008e-01
7.793692833074706075e-03
5.254511305034921254e-01
3.301598546182346050e-01
3.685362937793428689e-02
4.266104137953736705e-03
5.651156272436577144e-01
3.132418925600052306e-01
1.245801378055406104e-02
3.347102684636874548e-01
1.550386182236397348e-01
5.032564260158847724e-02
4.944420964769087323e-01
9.151195696577454908e-02
7.704793736873941090e-02
2.114631518238434538e-01
5.544353191000429143e-02
5.143153211377509554e-02
3.617517020270131223e-01
1.558822122141715338e-01
5.321408681226302839e-01
3.476383865919815269e-02
2.728280100190180191e-01
8.931643332398093993e-02
1.437638467777328233e-01
3.929890106094829916e-01
6.091490833792740922e-01
5.015503862709508320e-01
4.532849432904593190e-01
3.183459283657620875e-01
2.267833703143707358e-01
1.113256859785702879e-01
4.508844097983391030e-01
4.974334154082642873e-03
2.207321649477463898e-01
9.773323728142840894e-02
3.220808664937478971e-01
1.296427349777338200e-01
4.072990820441931281e-01
4.323221646408648144e-01
1.566977782916703366e-01
3.115546730817394527e-01
4.153738731907245518e-01
1.706970696209615390e-01
6.034354678422292756e-03
4.585391256892332734e-01
2.495533682633599704e-01
1.747947186566225219e-01
3.338842922469457131e-01
3.447422993959023962e-01
5.864243505948714234e-03
3.429191204988726316e-01
2.577162905860800324e-01
5.208033450262771445e-03
9.656800871463464553e-01
7.504519979169965022e-03
3.238912569223294236e-02
3.034337990480348145e-03
5.918490565196951603e-02
9.641387879616916123e-01
9.710307090028668098e-01
9.269497985901913317e-01
9.199903555132218358e-01
9.258369478112082884e-01
7.047911044039023576e-02
2.307857196181359316e-02
8.758405951106601472e-01
9.258843569106836036e-01
1.541448314710004014e-02
1.863433083450366252e-03
8.680800989675321322e-01
1.488192346934560095e-01
8.724498145682045847e-01
1.641708774921876030e-02
3.583035689418915658e-03
8.224212266571766516e-01
9.559145286883317105e-01
8.407294981555468727e-01
5.039794017714427365e-02
4.723186571041664006e-02
7.882235137171006434e-01
2.196072269413405498e-01
8.061970036274288542e-01
5.529690098714051122e-02
1.969367390356945718e-02
9.336788848904620242e-02
7.868675160132938551e-01
7.110646491944844216e-01
7.717768986147794941e-01
2.487867128793406768e-01
7.282501812283904696e-01
1.929258302445482909e-01
7.839392579076148726e-01
2.689878248342494338e-01
7.234751789737664529e-01
5.788034596242046248e-03
8.836087602401777596e-01
9.373729060752070130e-02
6.387902626070801615e-02
6.864064578039970055e-01
6.731907566996195857e-01
3.760473070063873324e-01
8.312202842918281487e-03
1.525009896636291273e-01
6.857993339566601509e-01
4.850775780398011716e-03
6.054921558227914502e-02
2.272368208192407368e-01
6.705332736467004562e-01
6.210928788835540226e-01
2.671714435110821018e-02
6.972217641232505425e-01
2.804267902603362339e-01
6.481318247200766880e-01
5.432586032556467881e-01
7.195976303167900268e-02
5.834849973412487012e-01
2.553166747844820561e-02
6.248505832840726623e-03
1.167621534628473651e-01
6.062931907743096538e-01
2.121940994574387368e-02
4.497540510338599029e-01
9.643240002177178027e-02
5.899703646857448192e-01
1.338702729868133240e-02
1.106635413690249814e-01
3.652145993047642980e-01
4.711824172777542147e-03
5.759809996227790441e-01
6.545910199171252331e-02
1.016363451099877302e-01
5.728920443695237896e-01
2.314557456655093604e-01
5.842934038985777567e-01
4.466813833359243868e-01
6.274143283446312683e-03
1.981754765760979087e-01
3.571316088829442226e-03
2.110055498718916428e-02
4.975284513359047311e-01
4.472804214243134568e-01
3.034697270808665581e-01
5.668470265524256924e-01
3.744796069798073668e-01
2.803170032442080933e-03
3.433352098222856863e-02
1.353595413132329672e-01
5.442861728789839121e-02
4.902072329289237085e-01
8.909111033564930116e-02
4.454593671695219331e-02
2.083579674790141389e-01
4.094917014703352010e-01
5.017820461739189164e-02
5.029305528579189888e-01
1.468850993448680420e-01
2.840950447318210115e-01
6.339578876779754235e-02
3.822180815361246597e-02
1.039495833340528391e-01
4.930604725323482485e-01
3.715312432441994495e-01
2.381207612369110049e-01
2.242262892291822102e-02
4.833266732586276593e-01
5.066726495807671871e-01
3.796583133684988676e-01
1.005518421277627750e-01
3.257992082163341796e-01
1.427687198501019494e-01
3.001463789031978413e-01
1.035719220719969746e-01
1.791355492189900533e-01
4.091203569252520600e-01
1.721587235425302009e-01
4.183197274571290869e-01
4.133279057035866288e-01
5.609248185428818978e-01
2.385044653458643915e-01
1.542794394448767648e-01
3.244307150603819023e-01
2.326158379838912105e-01
3.324307327702918924e-01
1.616782488813434671e-01
3.249918061472697461e-01
5.508844756283595157e-01
2.388987870727581619e-01
3.203470534788658286e-01
3.393315790922541916e-04
2.915347991407286118e-04
1.672079661148803817e-03
1.228826670451531235e-03
1.847462382556066922e-03
2.515673111200356603e-03
1.118395138927924179e-03
2.044507262017041839e-03
2.071072509589256400e-03
1.603425453831039925e-03
2.128931704027617160e-03
2.265036305141618356e-03
2.897873441121552943e-03
2.350904615359751017e-03
3.878599395454449504e-03
4.173305829457924637e-03
5.506318819480320037e-03
6.272669834456605191e-03
4.378173153295111808e-03
3.187572423195890285e-03
5.298368630590817759e-03
3.798046435740853356e-03
6.214564716613331721e-03
4.841607385540661404e-03
2.176922788990768957e-03
3.626033718153833570e-03
6.933681229528088075e-03
7.236394425308351197e-03
3.916449295055326324e-03
4.438833534316332166e-03
6.368950284260223825e-03
5.959840095225918399e-03
7.192708707195731577e-03
6.118648928844540313e-03
8.806331287918710282e-03
6.281398485710647586e-03
8.165840204881726766e-03
7.885898789334887943e-03
9.902587977560725965e-03
1.080237552777401494e-02
6.624451866284846759e-03
5.477004444157943658e-03
6.369898985325025270e-03
5.013436183421245661e-03
3.022203625043394862e-03
9.847058457434866574e-03
3.416091715276970905e-03
8.648729344646069461e-03
4.392056476093075638e-03
4.070098554015508675e-04
9.735701512201870578e-03
9.969141529219042661e-03
1.168391159308898065e-03
1.693693686964725144e-03
9.415581351746344849e-03
8.884557158059129545e-03
6.124121875860930389e-03
7.429850484462996625e-03
6.180266897974968053e-03
1.120404479555977065e-02
9.380197945404103801e-03
4.873885237210290149e-03
1.003452013589848507e-02
1.002645747549152019e-02
1.618629935269166702e-03
2.384151541713510139e-03
8.550756704863726049e-03
7.547452157731353653e-03
2.221896706595982360e-03
9.507191154097651212e-03
8.485213024203158705e-03
1.097721764072526023e-02
3.069961075559869950e-03
3.515089506184421522e-03
1.009207509697410306e-02
6.501602658737543235e-03
4.924645581909246547e-03
5.884636521148558716e-03
5.415591972331974466e-03
1.208719095283291092e-02
9.160149490520345938e-03
1.074331809071413409e-02
1.123712793995534573e-02
4.542197715566721750e-03
3.697650783308158596e-03
8.829348204221676780e-03
4.789729510205852775e-03
1.101426568684358773e-02
6.075702685201269521e-03
1.537760591145233280e-02
1.470134254397574558e-02
5.854725437989135271e-03
6.344306056385024331e-03
5.988503040026554175e-03
6.765201609113632997e-03
7.214166977879850166e-03
7.267386747760414163e-03
4.642351693706655777e-03
9.235249519088785039e-03
8.866764406415320737e-03
1.075265739194182849e-02
1.190680951699838938e-02
8.753686239647820791e-03
7.733446740208037816e-03
1.040128963685280419e-02
9.106213688233871090e-03
9.156321462655065552e-03
7.575150587079979361e-03
1.391106945379424337e-02
1.310159648830842502e-02
1.344687676158645186e-02
8.772848656445312795e-03
8.444096066457814839e-03
1.184699418052488455e-02
1.001602433776173362e-02
1.028670238171717002e-02
9.151997008768118433e-03
8.503874740227720941e-03
9.212106595341874177e-03
8.930590754547402393e-03
9.189577191851306531e-03
1.326681933805840506e-02
1.215307873401270250e-02
1.224240182261421631e-02
1.310346074253003652e-02
1.359137675537563233e-02
1.250562930896030600e-02
1.283526386735165184e-02
1.284122301444183892e-02
1.324791725793313807e-02
1.026938345937781702e-02
9.270076014751892773e-03
1.129658743950841260e-02
1.405823153317346461e-02
1.404050101323590927e-02
1.287219588699667870e-02
