1.319005552381325233e-02
9.328277792355295084e-01
4.373678292063701289e-02
6.289764900020228255e-02
9.375847906151789646e-01
8.928445474235231494e-01
8.744687139576868412e-03
4.148228666181559554e-02
8.701131298988873386e-01
7.983552540380465246e-01
1.517736045153464386e-01
8.538058086076705244e-01
1.283379543120638337e-02
5.573981176919835800e-02
7.165308836293540207e-01
7.699415694371050112e-01
1.437741858733734279e-01
2.671673164161183500e-01
8.360281410768665156e-01
7.521718531298553501e-01
1.477499027860374944e-02
6.784685626559230909e-02
1.553913129023071216e-01
6.060948187711474588e-01
6.606667049794757718e-01
2.588740669419982154e-01
3.655066556932956012e-01
6.876531762567471562e-01
6.307024690178961723e-01
6.309438330576012666e-01
3.473917702287143694e-02
2.307659999326790168e-02
5.024684658496978429e-01
8.489765797581674822e-02
4.519518564710205411e-01
1.133755625933625250e-02
8.945701570990910456e-02
1.729445200068039923e-01
1.793242749044017537e-02
6.978526488600493918e-03
1.491698585501423091e-01
4.887797631471004628e-02
2.395093531043702637e-02
3.874420548034291922e-01
2.723147932932977744e-01
5.387771289445620893e-01
5.093097482216245586e-01
5.411911845125471077e-01
5.414587591648756248e-01
3.624622743594898555e-01
1.860515878829933634e-01
8.292331090383370240e-02
5.255715361453693751e-02
1.144172531871414655e-01
8.720235051831190520e-02
3.937655209096666553e-01
2.590646164760805892e-01
1.739537281606740593e-01
1.580947122498022606e-01
4.006703551249709561e-01
4.031049534215118690e-01
2.851959621784254661e-01
4.091498716112856315e-01
1.655971815561333993e-01
2.775721395275465575e-01
2.800349896075547962e-01
9.239997388635770026e-01
1.291633980723332596e-02
8.536884955780843498e-01
9.233931271833312193e-01
4.318311233109121960e-02
9.429903401454381440e-02
8.572140840567794573e-01
9.173512050961105668e-01
1.078706003065295869e-02
9.876462568011655854e-03
8.352630238440552635e-01
9.254328776302080117e-02
7.664116181796284399e-01
7.791852208753664577e-01
1.153775046418922118e-02
5.171509632730918876e-02
7.503884450803444128e-01
7.189098724983149502e-01
1.519089907128637340e-01
2.359119490100189953e-01
6.615789802752749527e-01
6.566815443197492330e-01
6.603724885860731142e-01
4.006368123712752971e-02
8.291792678392775895e-02
6.551878869313967346e-01
6.188170730527080554e-01
1.450228453319244992e-01
3.589244220301838761e-01
6.196434337887420964e-03
2.837154295038480517e-02
5.275236206382032389e-01
4.598659093400334630e-01
5.094291810799548292e-01
2.204786975939282759e-02
1.287468117625936714e-01
1.646195439444396447e-02
5.346940864518916481e-01
3.992703126573510231e-01
2.220488146828439591e-01
9.760163245622670292e-03
8.048032092795340264e-02
2.748929759068148848e-01
5.081478823860523519e-01
5.348743530075333874e-01
9.296924979167196790e-02
3.864078595367966829e-01
1.782384464225830745e-01
2.684999383446324828e-01
3.152268829035408115e-02
4.267380738758462522e-02
3.864231911965618216e-01
1.537663695128534680e-01
9.290097610618885948e-02
2.427617441210562776e-01
9.453825704109013184e-02
8.858486882862895428e-02
4.085738367597534504e-01
1.598453087680218876e-01
3.989382115798141282e-01
1.825952314705535651e-01
4.087957617385866715e-01
2.853171578342079684e-01
2.789726753854861463e-01
1.795575559040960001e-01
2.904757292619278286e-01
1.928310310965856283e-03
1.431110849541038840e-03
6.147011495992314029e-03
6.724383065807620213e-03
4.821324565047225251e-03
6.866221843193716715e-03
5.064567981468192162e-03
8.427336280907755939e-03
7.150441561024400115e-03
7.729166122299298280e-03
7.173830394628997846e-03
7.927332008889847667e-03
1.128868923022341951e-02
1.299401621512637738e-02
9.510108618998777338e-03
1.353046969553958756e-02
1.999417618467802527e-02
1.170921166494874252e-02
1.983102808250594012e-02
1.103091385840117809e-02
1.266278655456679406e-02
1.897731607900431799e-02
1.283352515096529596e-02
1.384444291137592979e-02
1.851151099031239644e-02
2.280430164096436049e-02
1.343515125948717588e-02
1.391228423226457435e-02
1.408229590867320774e-02
2.190475048749202652e-02
1.509229850968382084e-03
1.384288243684806199e-02
1.502102926786706358e-02
2.277693551024698865e-02
1.420961528032411124e-02
4.627832198300623444e-03
5.822978545905223291e-03
2.316929630965475218e-02
1.150411212445803105e-02
6.417723103172344110e-03
7.249010755225550676e-03
1.053169341915586449e-02
1.364213839204519649e-02
2.809578551670275856e-02
2.495970762020739697e-02
2.195418437842401940e-02
2.776779235374404742e-02
2.129357957424833636e-02
2.545849293928242191e-02
1.269940748453129292e-02
1.255506484244390750e-02
2.446979095189085601e-02
1.671252265169730425e-02
2.020445115757159640e-02
2.007491134784476772e-02
2.590296901412115355e-02
1.926884167510490783e-02
1.786274087960180654e-02
1.457939114193740684e-02
1.699763728422813702e-02
1.476783993564811936e-02
2.695850526284668605e-02
3.221202743283603509e-02
2.854340950063233989e-02
2.360764151184189391e-02
2.848081785467936750e-02
