0.0131065995932046
0.970113239993868
0.0193724249634503
0.0743643193032465
0.893257102264955
0.944903214096915
0.00275887220989873
0.0996043231337035
0.79196085776549
0.882263809889167
0.190367842787519
0.836526104648429
0.0194847452679238
0.0522112292222952
0.665782260243761
0.764900935653882
0.217303483776348
0.352572144262668
0.750883730825103
0.694377438608303
0.0543083685174304
0.0959503027629829
0.0155666234888946
0.488167198328916
0.612930635306965
0.162583924925953
0.305476185350623
0.319372772170033
0.530923762618237
0.618205967942434
0.593938999621202
0.0179075617931467
0.0826582342396767
0.00463098015928089
0.00301110637610095
0.0178415612035572
0.199824437767587
0.0903231367175497
0.154116240866714
0.530462229834601
0.352898132246109
0.0492357222844695
0.200140900402739
0.0922388225224593
0.224409879706138
0.445222431416801
0.305411742129005
0.429961238818817
0.45031691179456
0.480496548471986
0.315187622718847
0.160984222038298
0.17857911780746
0.327330879255368
0.272147956082053
0.971724736837821
0.00896864259534598
0.901419060023579
0.910281848632873
0.0147704769253676
0.0506365114282829
0.805293906053956
0.823714053488778
0.0147063036796322
0.0669993145437064
0.795881415496606
0.150595515057324
0.649092418339771
0.764825786404275
0.0201060453423796
0.0797497853430648
0.711227639516614
0.633295430743614
0.174025246900249
0.288964239880927
0.467155788364558
0.595827091977475
0.0142401756398325
0.0514430271646867
0.0957114246849785
0.663222570063954
0.642563819659181
0.57644840395653
0.455237194674789
0.202956437166459
0.324116899594797
0.0761739117047991
0.0160363857114898
0.499247990379368
0.186626924726013
0.329360783003347
0.0106856762819169
0.0798342627807453
0.44199303480523
0.00358130457355446
0.0172262684151119
0.18192311091684
0.0603782925804416
0.298924147336827
0.488767529392932
0.485229665678415
0.506673189735754
0.153649579091068
0.366728979055686
0.227904317594747
0.0948102755702308
0.167498775659105
0.334104265574001
0.332521534750503
0.221069167440672
0.00268790383865148
0.00248815753918324
0.00873417837648338
0.00694285288307663
0.00666566972720709
0.00248819272749841
0.00437924648367526
0.0178291768340591
0.00853899532012918
0.0118426724924376
0.00999212149379126
0.00815046450959097
0.0151695228367863
0.0200511937534218
0.0137451906045336
0.0230027952304122
0.0185816462684189
0.0123531456350346
0.0221249505860996
0.0130050601204579
0.0255552135545889
0.028527939101071
0.00294967998165063
0.0245743901043082
0.0303285266203591
0.031204552998037
0.0057323801605905
0.0182107488813054
0.0124951365406081
0.033307321374463
0.0281710918112072
0.00788511173573054
0.00759255146853924
0.0062662615471362
0.00424167935839393
0.0142333618786069
0.00786690101415896
0.0160457567866866
0.0244382414204286
0.00565036073570539
0.0145258098497665
0.0185978112469064
0.0182222618905213
0.0271485883667639
0.0303658418179326
0.0241075026942225
0.0288573914331145
0.0340337441016962
0.0399630973631415
0.031252626975127
0.0295147015704364
0.0313039088848414
0.0270674661290597
0.0440136036522558
0.0369752996896907
