0.00891326
0.982894
0.0204463
0.00211875
0.00244568
0.0123385
0.973018
0.937709
0.927496
0.904506
0.919204
0.0425914
0.0265592
0.726992
0.957818
0.0104431
0.0716053
0.896224
0.106402
0.863372
0.0662218
0.0208725
0.797009
0.903669
0.162374
0.747003
0.00228435
0.873386
0.187298
0.740518
0.0465588
0.00237519
0.00206203
0.728108
0.721483
0.874137
0.0246904
0.805396
0.0888747
0.775648
0.141666
0.719532
0.0188578
0.864697
0.14856
0.0400413
0.825251
0.866143
0.094868
0.274942
0.165619
0.80585
0.0244885
0.070437
0.225551
0.716455
0.624232
0.00207668
0.557968
0.0105114
0.583579
0.545911
0.0106629
0.274381
0.00190852
0.0255404
0.0455134
0.84696
0.0775288
0.450929
0.256605
0.838626
0.0135791
0.384579
0.148708
0.0103796
0.72373
0.024103
0.0464382
0.581913
0.218008
0.632458
0.506591
0.278025
0.00975805
0.294016
0.570397
0.0564171
0.0132619
0.327049
0.61922
0.0129485
0.446976
0.0987194
0.0018566
0.117574
0.127932
0.0681202
0.053754
0.254965
0.609912
0.0340001
0.749347
0.139114
0.416944
0.0750201
0.146555
0.0110767
0.456589
0.540268
0.333669
0.212471
0.477449
0.510469
0.0844223
0.318761
0.0877177
0.194418
0.583541
0.0521058
0.172623
0.424455
0.174946
0.500228
0.423103
0.345529
0.00241206
0.159437
0.43478
0.225118
0.169757
0.687014
0.368156
0.237939
0.286578
0.413105
0.979484
0.00824898
0.966666
0.95755
0.927056
0.877431
0.00361136
0.0125999
0.00889014
0.0548492
0.0661075
0.888536
0.924801
0.00957204
0.00378513
0.686706
0.900087
0.0878997
0.802162
0.133495
0.881949
0.831086
0.0539654
0.00381301
0.795373
0.0605251
0.776886
0.0410548
0.798296
0.248438
0.804688
0.88743
0.683856
0.0182797
0.0401131
0.0792064
0.890705
0.135377
0.709436
0.211129
0.741445
0.277454
0.914202
0.0162526
0.197341
0.509693
0.102601
0.0570756
0.901972
0.000481064
0.815945
0.157731
0.0381261
0.003571
0.700115
0.235045
0.351486
0.561925
0.00984122
0.586591
0.0576555
0.451122
0.634799
0.0234953
0.352385
0.0129221
0.376857
0.118813
0.0471495
0.539335
0.642282
0.0294427
0.117875
0.00908881
0.846936
0.461041
0.00239852
0.0886083
0.036241
0.395791
0.634187
0.253638
0.354197
0.00696212
0.248561
0.0625004
0.0295353
0.630204
0.428641
0.64706
0.331382
0.174765
0.0246703
0.058807
0.466297
0.31689
0.706188
0.0216919
0.209771
0.0464851
0.00269992
0.120644
0.194291
0.543813
0.0492937
0.513408
0.00347374
0.324452
0.491755
0.404686
0.522994
0.404833
0.0116608
0.273801
0.579668
0.0945932
0.212598
0.0124677
0.168451
0.0940219
0.100416
0.5503
0.657058
0.101263
0.57464
0.643475
0.309519
0.146167
0.40012
0.144912
0.299038
0.128398
0.587183
0.331696
0.225778
0.201346
0.00040408
0.000307289
0.00149519
0.00121295
0.00186811
0.00324854
0.00117843
0.00139588
0.00210244
0.00333791
0.00119307
0.00190074
0.00408747
0.00295834
0.00491438
0.00291849
0.0042574
0.00355089
0.00232488
0.00239235
0.00562681
0.00329397
0.00557152
0.00144047
0.00733961
0.00698078
0.00513375
0.00573284
0.00220113
0.00280684
0.00640737
0.00102316
0.0098684
0.00426851
0.00652983
0.0099251
0.00943151
0.0102088
0.00618725
0.00704201
0.00246216
0.00272631
0.00377143
0.00317306
0.0112599
0.00467825
0.0105409
0.00558774
0.00314746
0.000125417
0.010582
0.0122287
0.0013812
0.00106158
0.0105426
0.0109032
0.00280529
0.00340343
0.00373354
0.00691938
0.00731105
0.00311215
0.00676941
0.00506071
0.00130315
0.00193918
0.0094126
0.00835301
0.00340833
0.00345246
0.0130481
0.0122559
0.00285433
0.00265631
0.00715322
0.00388034
0.00343885
0.00338527
0.00506349
0.0069247
0.0127771
0.012147
0.0068454
0.00362468
0.00332139
0.00832165
0.00582357
0.00821438
0.00658851
0.0109263
0.0102287
0.00298336
0.000979782
0.0061738
0.00562853
0.00721368
0.00464718
0.00693299
0.00751093
0.00662878
0.00824131
0.00879909
0.0115744
0.012367
0.00978857
0.00467434
0.0100858
0.0103102
0.0105888
0.00951469
0.0163015
0.0149426
0.0145834
0.0150763
0.012831
0.0118749
0.010666
0.0117863
0.0122069
0.0121506
0.0132508
0.0154916
0.0154369
0.013316
0.017917
0.0179908
0.012988
0.0126517
0.0185633
0.0176478
0.0133509
0.012926
0.0183262
0.0174851
0.0156418
0.0152503
